Èas	SOKP	Gipps	Krauss	KraussOrig	Idm
0:00	7.0	0.0	0.0	0.0	0.0
0:01	1.0	1.0	0.0	0.0	0.0
0:02	2.0	2.0	3.0	3.0	3.0
0:03	6.0	2.0	1.0	1.0	1.0
0:04	0.0	0.0	1.0	1.0	1.0
0:05	3.0	1.0	2.0	2.0	1.0
0:06	1.0	1.0	0.0	0.0	1.0
0:07	2.0	4.0	5.0	5.0	5.0
0:08	4.0	5.0	3.0	3.0	3.0
0:09	3.0	3.0	4.0	4.0	4.0
0:10	3.0	2.0	2.0	2.0	2.0
0:11	5.0	2.0	2.0	2.0	2.0
0:12	2.0	0.0	0.0	0.0	0.0
0:13	0.0	1.0	1.0	1.0	1.0
0:14	2.0	0.0	1.0	1.0	0.0
0:15	0.0	4.0	3.0	3.0	4.0
0:16	3.0	1.0	1.0	1.0	1.0
0:17	5.0	3.0	2.0	2.0	2.0
0:18	0.0	2.0	3.0	3.0	3.0
0:19	4.0	1.0	1.0	1.0	1.0
0:20	1.0	3.0	3.0	3.0	4.0
0:21	0.0	2.0	2.0	2.0	1.0
0:22	5.0	2.0	2.0	2.0	2.0
0:23	1.0	4.0	4.0	4.0	4.0
0:24	3.0	2.0	2.0	2.0	2.0
0:25	4.0	1.0	1.0	1.0	1.0
0:26	0.0	2.0	2.0	2.0	2.0
0:27	3.0	2.0	3.0	3.0	3.0
0:28	1.0	1.0	0.0	0.0	0.0
0:29	4.0	1.0	1.0	1.0	1.0
0:30	0.0	6.0	6.0	6.0	6.0
0:31	1.0	2.0	2.0	2.0	2.0
0:32	6.0	4.0	4.0	4.0	4.0
0:33	2.0	1.0	1.0	1.0	1.0
0:34	3.0	3.0	2.0	2.0	3.0
0:35	4.0	3.0	4.0	4.0	3.0
0:36	0.0	2.0	2.0	2.0	2.0
0:37	4.0	1.0	1.0	1.0	1.0
0:38	1.0	1.0	1.0	1.0	1.0
0:39	2.0	5.0	5.0	5.0	5.0
0:40	4.0	3.0	3.0	3.0	3.0
0:41	1.0	0.0	0.0	0.0	0.0
0:42	3.0	6.0	6.0	6.0	6.0
0:43	4.0	2.0	1.0	1.0	2.0
0:44	4.0	3.0	4.0	4.0	2.0
0:45	3.0	2.0	2.0	2.0	2.0
0:46	1.0	5.0	5.0	5.0	5.0
0:47	4.0	2.0	2.0	2.0	3.0
0:48	3.0	3.0	4.0	4.0	3.0
0:49	3.0	2.0	1.0	1.0	3.0
0:50	1.0	0.0	1.0	1.0	0.0
0:51	3.0	3.0	2.0	2.0	2.0
0:52	1.0	3.0	3.0	3.0	3.0
0:53	3.0	1.0	1.0	1.0	1.0
0:54	0.0	3.0	3.0	3.0	3.0
0:55	2.0	1.0	1.0	1.0	1.0
0:56	3.0	3.0	3.0	3.0	3.0
0:57	1.0	1.0	1.0	1.0	1.0
0:58	2.0	0.0	0.0	0.0	0.0
0:59	0.0	0.0	0.0	0.0	1.0
1:00	1.0	3.0	2.0	2.0	1.0
1:01	2.0	2.0	4.0	4.0	3.0
1:02	1.0	3.0	1.0	1.0	3.0
1:03	4.0	0.0	1.0	1.0	0.0
1:04	1.0	0.0	0.0	0.0	0.0
1:05	0.0	2.0	2.0	2.0	2.0
1:06	1.0	3.0	3.0	3.0	3.0
1:07	3.0	0.0	0.0	0.0	0.0
1:08	1.0	2.0	2.0	2.0	2.0
1:09	2.0	1.0	1.0	1.0	1.0
1:10	0.0	1.0	1.0	1.0	1.0
1:11	2.0	3.0	3.0	3.0	3.0
1:12	2.0	2.0	3.0	3.0	2.0
1:13	2.0	4.0	2.0	2.0	3.0
1:14	4.0	3.0	3.0	3.0	4.0
1:15	2.0	1.0	2.0	2.0	1.0
1:16	3.0	0.0	0.0	0.0	0.0
1:17	1.0	4.0	3.0	3.0	2.0
1:18	0.0	0.0	1.0	1.0	2.0
1:19	5.0	2.0	2.0	2.0	2.0
1:20	1.0	5.0	5.0	5.0	5.0
1:21	2.0	2.0	3.0	3.0	2.0
1:22	4.0	3.0	1.0	1.0	2.0
1:23	4.0	3.0	3.0	3.0	3.0
1:24	1.0	0.0	1.0	1.0	1.0
1:25	3.0	2.0	1.0	1.0	1.0
1:26	1.0	1.0	2.0	2.0	2.0
1:27	0.0	0.0	0.0	0.0	0.0
1:28	1.0	2.0	2.0	2.0	1.0
1:29	0.0	1.0	1.0	1.0	2.0
1:30	3.0	2.0	2.0	2.0	2.0
1:31	1.0	4.0	3.0	3.0	3.0
1:32	3.0	3.0	4.0	4.0	4.0
1:33	4.0	2.0	2.0	2.0	2.0
1:34	3.0	1.0	1.0	1.0	1.0
1:35	1.0	1.0	0.0	0.0	0.0
1:36	1.0	0.0	1.0	1.0	1.0
1:37	1.0	3.0	3.0	3.0	3.0
1:38	2.0	1.0	1.0	1.0	0.0
1:39	2.0	0.0	0.0	0.0	1.0
1:40	1.0	2.0	2.0	2.0	2.0
1:41	2.0	3.0	3.0	3.0	3.0
1:42	2.0	2.0	2.0	2.0	2.0
1:43	3.0	0.0	0.0	0.0	0.0
1:44	0.0	1.0	1.0	1.0	1.0
1:45	0.0	3.0	3.0	3.0	3.0
1:46	1.0	0.0	0.0	0.0	0.0
1:47	4.0	1.0	1.0	1.0	1.0
1:48	1.0	2.0	2.0	2.0	2.0
1:49	2.0	1.0	2.0	2.0	1.0
1:50	0.0	1.0	0.0	0.0	1.0
1:51	2.0	2.0	2.0	2.0	2.0
1:52	1.0	0.0	0.0	0.0	1.0
1:53	1.0	1.0	1.0	1.0	0.0
1:54	1.0	1.0	1.0	1.0	1.0
1:55	1.0	1.0	1.0	1.0	1.0
1:56	2.0	3.0	3.0	3.0	3.0
1:57	1.0	1.0	2.0	2.0	1.0
1:58	3.0	2.0	0.0	0.0	1.0
1:59	3.0	1.0	2.0	2.0	2.0
2:00	1.0	1.0	1.0	1.0	1.0
2:01	0.0	1.0	0.0	0.0	0.0
2:02	2.0	1.0	2.0	2.0	2.0
2:03	2.0	4.0	4.0	4.0	4.0
2:04	3.0	0.0	0.0	0.0	0.0
2:05	0.0	2.0	2.0	2.0	2.0
2:06	1.0	1.0	1.0	1.0	1.0
2:07	2.0	1.0	0.0	0.0	0.0
2:08	1.0	3.0	3.0	3.0	3.0
2:09	0.0	1.0	2.0	2.0	2.0
2:10	4.0	0.0	0.0	0.0	1.0
2:11	0.0	3.0	3.0	3.0	2.0
2:12	2.0	3.0	3.0	3.0	2.0
2:13	2.0	0.0	0.0	0.0	1.0
2:14	1.0	0.0	0.0	0.0	0.0
2:15	0.0	0.0	0.0	0.0	0.0
2:16	0.0	2.0	3.0	3.0	3.0
2:17	2.0	2.0	1.0	1.0	1.0
2:18	1.0	2.0	2.0	2.0	2.0
2:19	1.0	2.0	2.0	2.0	2.0
2:20	2.0	2.0	2.0	2.0	3.0
2:21	2.0	3.0	2.0	2.0	1.0
2:22	1.0	2.0	3.0	3.0	3.0
2:23	1.0	2.0	2.0	2.0	2.0
2:24	3.0	0.0	0.0	0.0	0.0
2:25	1.0	0.0	0.0	0.0	0.0
2:26	0.0	2.0	2.0	2.0	2.0
2:27	2.0	3.0	2.0	2.0	2.0
2:28	1.0	1.0	2.0	2.0	2.0
2:29	1.0	2.0	3.0	3.0	3.0
2:30	4.0	1.0	0.0	0.0	0.0
2:31	2.0	1.0	1.0	1.0	1.0
2:32	1.0	3.0	3.0	3.0	3.0
2:33	4.0	2.0	2.0	2.0	2.0
2:34	1.0	0.0	1.0	1.0	0.0
2:35	1.0	1.0	0.0	0.0	2.0
2:36	1.0	1.0	1.0	1.0	0.0
2:37	1.0	2.0	1.0	1.0	1.0
2:38	0.0	2.0	3.0	3.0	3.0
2:39	3.0	6.0	5.0	5.0	6.0
2:40	6.0	0.0	1.0	1.0	0.0
2:41	1.0	2.0	2.0	2.0	2.0
2:42	0.0	0.0	0.0	0.0	0.0
2:43	2.0	2.0	1.0	1.0	1.0
2:44	1.0	0.0	1.0	1.0	1.0
2:45	1.0	1.0	1.0	1.0	1.0
2:46	0.0	1.0	1.0	1.0	2.0
2:47	2.0	3.0	2.0	2.0	3.0
2:48	1.0	1.0	2.0	2.0	0.0
2:49	2.0	2.0	1.0	1.0	1.0
2:50	2.0	0.0	1.0	1.0	1.0
2:51	0.0	1.0	1.0	1.0	1.0
2:52	1.0	0.0	0.0	0.0	0.0
2:53	1.0	1.0	1.0	1.0	1.0
2:54	1.0	2.0	2.0	2.0	2.0
2:55	2.0	3.0	4.0	4.0	3.0
2:56	2.0	2.0	1.0	1.0	2.0
2:57	5.0	1.0	1.0	1.0	1.0
2:58	1.0	1.0	1.0	1.0	1.0
2:59	0.0	0.0	0.0	0.0	0.0
3:00	3.0	1.0	1.0	1.0	1.0
3:01	0.0	1.0	1.0	1.0	1.0
3:02	0.0	0.0	0.0	0.0	0.0
3:03	0.0	0.0	0.0	0.0	0.0
3:04	0.0	1.0	1.0	1.0	1.0
3:05	0.0	0.0	0.0	0.0	0.0
3:06	1.0	3.0	3.0	3.0	3.0
3:07	0.0	0.0	0.0	0.0	0.0
3:08	3.0	1.0	1.0	1.0	1.0
3:09	1.0	1.0	1.0	1.0	1.0
3:10	0.0	0.0	0.0	0.0	0.0
3:11	1.0	0.0	0.0	0.0	0.0
3:12	0.0	0.0	0.0	0.0	0.0
3:13	0.0	2.0	2.0	2.0	2.0
3:14	0.0	1.0	1.0	1.0	1.0
3:15	3.0	2.0	1.0	1.0	1.0
3:16	0.0	1.0	2.0	2.0	2.0
3:17	1.0	0.0	0.0	0.0	0.0
3:18	1.0	3.0	3.0	3.0	3.0
3:19	1.0	0.0	0.0	0.0	0.0
3:20	1.0	0.0	0.0	0.0	0.0
3:21	1.0	1.0	0.0	0.0	0.0
3:22	0.0	0.0	1.0	1.0	1.0
3:23	1.0	0.0	0.0	0.0	0.0
3:24	0.0	1.0	1.0	1.0	1.0
3:25	1.0	3.0	2.0	2.0	2.0
3:26	0.0	0.0	1.0	1.0	1.0
3:27	2.0	0.0	0.0	0.0	0.0
3:28	1.0	0.0	0.0	0.0	0.0
3:29	0.0	0.0	0.0	0.0	0.0
3:30	0.0	0.0	0.0	0.0	0.0
3:31	0.0	0.0	0.0	0.0	0.0
3:32	0.0	0.0	0.0	0.0	0.0
3:33	0.0	1.0	1.0	1.0	1.0
3:34	0.0	0.0	0.0	0.0	0.0
3:35	0.0	1.0	0.0	0.0	0.0
3:36	1.0	1.0	2.0	2.0	2.0
3:37	1.0	0.0	1.0	1.0	0.0
3:38	0.0	2.0	1.0	1.0	2.0
3:39	2.0	0.0	0.0	0.0	0.0
3:40	1.0	0.0	0.0	0.0	0.0
3:41	1.0	0.0	0.0	0.0	0.0
3:42	1.0	3.0	3.0	3.0	3.0
3:43	1.0	0.0	0.0	0.0	0.0
3:44	2.0	0.0	0.0	0.0	0.0
3:45	1.0	1.0	1.0	1.0	1.0
3:46	0.0	0.0	0.0	0.0	0.0
3:47	2.0	3.0	3.0	3.0	3.0
3:48	0.0	1.0	1.0	1.0	1.0
3:49	2.0	0.0	0.0	0.0	0.0
3:50	1.0	0.0	0.0	0.0	0.0
3:51	1.0	0.0	0.0	0.0	0.0
3:52	0.0	2.0	2.0	2.0	2.0
3:53	1.0	1.0	0.0	0.0	0.0
3:54	1.0	1.0	2.0	2.0	2.0
3:55	0.0	1.0	0.0	0.0	0.0
3:56	2.0	0.0	1.0	1.0	1.0
3:57	0.0	3.0	3.0	3.0	3.0
3:58	0.0	1.0	1.0	1.0	1.0
3:59	1.0	1.0	1.0	1.0	1.0
4:00	3.0	1.0	1.0	1.0	2.0
4:01	1.0	1.0	1.0	1.0	0.0
4:02	1.0	1.0	1.0	1.0	1.0
4:03	0.0	0.0	0.0	0.0	0.0
4:04	2.0	0.0	0.0	0.0	0.0
4:05	0.0	0.0	0.0	0.0	0.0
4:06	0.0	0.0	0.0	0.0	0.0
4:07	0.0	0.0	0.0	0.0	0.0
4:08	0.0	0.0	0.0	0.0	0.0
4:09	0.0	0.0	0.0	0.0	0.0
4:10	0.0	0.0	0.0	0.0	0.0
4:11	0.0	0.0	0.0	0.0	0.0
4:12	0.0	0.0	0.0	0.0	0.0
4:13	0.0	0.0	0.0	0.0	0.0
4:14	0.0	2.0	2.0	2.0	2.0
4:15	1.0	0.0	0.0	0.0	0.0
4:16	1.0	1.0	1.0	1.0	1.0
4:17	0.0	2.0	2.0	2.0	2.0
4:18	1.0	0.0	0.0	0.0	0.0
4:19	2.0	0.0	0.0	0.0	0.0
4:20	0.0	1.0	1.0	1.0	1.0
4:21	1.0	0.0	0.0	0.0	0.0
4:22	0.0	0.0	0.0	0.0	0.0
4:23	1.0	2.0	2.0	2.0	2.0
4:24	1.0	0.0	0.0	0.0	0.0
4:25	4.0	1.0	1.0	1.0	1.0
4:26	1.0	0.0	0.0	0.0	0.0
4:27	1.0	0.0	0.0	0.0	0.0
4:28	0.0	2.0	2.0	2.0	2.0
4:29	0.0	0.0	0.0	0.0	0.0
4:30	1.0	0.0	0.0	0.0	0.0
4:31	1.0	4.0	4.0	4.0	4.0
4:32	2.0	1.0	1.0	1.0	1.0
4:33	2.0	0.0	0.0	0.0	0.0
4:34	0.0	0.0	0.0	0.0	0.0
4:35	0.0	0.0	0.0	0.0	0.0
4:36	0.0	0.0	0.0	0.0	1.0
4:37	0.0	1.0	1.0	1.0	0.0
4:38	1.0	1.0	1.0	1.0	1.0
4:39	0.0	0.0	0.0	0.0	0.0
4:40	1.0	2.0	2.0	2.0	2.0
4:41	1.0	1.0	2.0	2.0	2.0
4:42	2.0	1.0	0.0	0.0	0.0
4:43	0.0	0.0	0.0	0.0	0.0
4:44	1.0	2.0	2.0	2.0	2.0
4:45	2.0	1.0	1.0	1.0	1.0
4:46	2.0	1.0	1.0	1.0	1.0
4:47	0.0	1.0	1.0	1.0	1.0
4:48	2.0	2.0	2.0	2.0	2.0
4:49	1.0	0.0	0.0	0.0	0.0
4:50	1.0	2.0	2.0	2.0	2.0
4:51	1.0	1.0	1.0	1.0	1.0
4:52	2.0	2.0	2.0	3.0	2.0
4:53	1.0	3.0	3.0	2.0	3.0
4:54	2.0	4.0	4.0	4.0	4.0
4:55	2.0	3.0	3.0	3.0	3.0
4:56	5.0	0.0	0.0	0.0	0.0
4:57	1.0	1.0	1.0	1.0	1.0
4:58	1.0	0.0	0.0	0.0	0.0
4:59	0.0	2.0	1.0	1.0	1.0
5:00	1.0	2.0	3.0	3.0	3.0
5:01	2.0	1.0	1.0	1.0	1.0
5:02	1.0	3.0	3.0	3.0	3.0
5:03	3.0	1.0	1.0	1.0	1.0
5:04	1.0	3.0	3.0	3.0	3.0
5:05	0.0	2.0	2.0	2.0	2.0
5:06	4.0	3.0	3.0	3.0	3.0
5:07	1.0	2.0	2.0	2.0	2.0
5:08	3.0	1.0	1.0	1.0	1.0
5:09	2.0	3.0	3.0	3.0	3.0
5:10	2.0	0.0	0.0	0.0	1.0
5:11	1.0	2.0	1.0	1.0	0.0
5:12	0.0	0.0	1.0	1.0	1.0
5:13	0.0	2.0	2.0	2.0	2.0
5:14	1.0	3.0	1.0	1.0	1.0
5:15	2.0	0.0	2.0	2.0	2.0
5:16	2.0	2.0	2.0	2.0	1.0
5:17	1.0	2.0	2.0	2.0	3.0
5:18	4.0	2.0	2.0	2.0	3.0
5:19	0.0	2.0	2.0	2.0	1.0
5:20	2.0	2.0	2.0	2.0	2.0
5:21	3.0	0.0	0.0	0.0	0.0
5:22	1.0	0.0	0.0	0.0	0.0
5:23	0.0	0.0	0.0	0.0	0.0
5:24	0.0	5.0	3.0	3.0	4.0
5:25	3.0	0.0	2.0	2.0	1.0
5:26	2.0	2.0	3.0	3.0	2.0
5:27	2.0	2.0	1.0	1.0	3.0
5:28	3.0	3.0	2.0	2.0	1.0
5:29	2.0	0.0	1.0	1.0	1.0
5:30	1.0	3.0	3.0	3.0	3.0
5:31	2.0	3.0	3.0	3.0	4.0
5:32	4.0	4.0	4.0	4.0	3.0
5:33	1.0	2.0	2.0	2.0	2.0
5:34	3.0	1.0	1.0	1.0	1.0
5:35	2.0	2.0	3.0	3.0	3.0
5:36	2.0	3.0	2.0	2.0	2.0
5:37	2.0	2.0	2.0	2.0	2.0
5:38	2.0	4.0	5.0	5.0	4.0
5:39	3.0	5.0	4.0	4.0	4.0
5:40	6.0	0.0	0.0	0.0	0.0
5:41	1.0	0.0	0.0	0.0	0.0
5:42	0.0	1.0	1.0	1.0	1.0
5:43	0.0	1.0	1.0	1.0	1.0
5:44	1.0	3.0	3.0	3.0	4.0
5:45	3.0	2.0	2.0	2.0	1.0
5:46	2.0	1.0	0.0	0.0	0.0
5:47	1.0	0.0	1.0	1.0	1.0
5:48	2.0	1.0	1.0	1.0	1.0
5:49	0.0	5.0	0.0	0.0	5.0
5:50	3.0	2.0	7.0	7.0	2.0
5:51	5.0	1.0	1.0	1.0	1.0
5:52	2.0	1.0	1.0	1.0	1.0
5:53	1.0	4.0	4.0	4.0	4.0
5:54	2.0	2.0	2.0	2.0	2.0
5:55	3.0	2.0	2.0	2.0	2.0
5:56	3.0	3.0	3.0	3.0	3.0
5:57	3.0	2.0	2.0	2.0	2.0
5:58	1.0	0.0	0.0	0.0	0.0
5:59	2.0	3.0	3.0	3.0	2.0
6:00	3.0	0.0	0.0	0.0	1.0
6:01	2.0	4.0	4.0	4.0	6.0
6:02	0.0	2.0	2.0	2.0	0.0
6:03	6.0	2.0	2.0	2.0	2.0
6:04	1.0	4.0	4.0	4.0	4.0
6:05	3.0	2.0	2.0	2.0	2.0
6:06	2.0	3.0	3.0	3.0	3.0
6:07	2.0	2.0	2.0	2.0	2.0
6:08	3.0	1.0	1.0	1.0	1.0
6:09	1.0	1.0	1.0	1.0	1.0
6:10	2.0	1.0	1.0	1.0	1.0
6:11	1.0	2.0	2.0	2.0	2.0
6:12	2.0	2.0	3.0	3.0	2.0
6:13	3.0	3.0	2.0	2.0	3.0
6:14	2.0	5.0	5.0	5.0	5.0
6:15	6.0	1.0	1.0	1.0	1.0
6:16	2.0	3.0	3.0	3.0	3.0
6:17	3.0	6.0	3.0	3.0	5.0
6:18	3.0	2.0	5.0	5.0	3.0
6:19	4.0	5.0	5.0	5.0	5.0
6:20	4.0	1.0	1.0	1.0	1.0
6:21	4.0	3.0	3.0	3.0	3.0
6:22	1.0	4.0	3.0	3.0	3.0
6:23	4.0	2.0	2.0	2.0	3.0
6:24	2.0	2.0	3.0	3.0	2.0
6:25	3.0	4.0	5.0	5.0	5.0
6:26	5.0	4.0	2.0	2.0	2.0
6:27	3.0	3.0	4.0	4.0	4.0
6:28	5.0	2.0	2.0	2.0	2.0
6:29	0.0	5.0	4.0	4.0	5.0
6:30	2.0	1.0	2.0	2.0	1.0
6:31	3.0	2.0	2.0	2.0	2.0
6:32	2.0	5.0	5.0	5.0	6.0
6:33	5.0	2.0	2.0	2.0	1.0
6:34	1.0	4.0	4.0	4.0	4.0
6:35	3.0	1.0	1.0	1.0	1.0
6:36	4.0	3.0	3.0	3.0	3.0
6:37	1.0	2.0	1.0	1.0	1.0
6:38	3.0	3.0	4.0	4.0	4.0
6:39	6.0	3.0	3.0	3.0	3.0
6:40	2.0	3.0	2.0	2.0	2.0
6:41	5.0	3.0	3.0	3.0	5.0
6:42	4.0	5.0	5.0	5.0	4.0
6:43	2.0	4.0	4.0	4.0	3.0
6:44	5.0	2.0	3.0	3.0	3.0
6:45	3.0	9.0	7.0	7.0	7.0
6:46	6.0	3.0	6.0	6.0	4.0
6:47	3.0	3.0	2.0	2.0	3.0
6:48	7.0	6.0	4.0	4.0	5.0
6:49	3.0	5.0	7.0	8.0	7.0
6:50	8.0	5.0	4.0	4.0	4.0
6:51	5.0	6.0	6.0	6.0	6.0
6:52	4.0	2.0	2.0	2.0	2.0
6:53	2.0	3.0	3.0	3.0	3.0
6:54	2.0	6.0	6.0	6.0	6.0
6:55	7.0	3.0	2.0	2.0	3.0
6:56	4.0	2.0	3.0	3.0	2.0
6:57	2.0	2.0	2.0	2.0	2.0
6:58	2.0	4.0	4.0	4.0	4.0
6:59	3.0	1.0	1.0	1.0	1.0
7:00	3.0	0.0	1.0	1.0	0.0
7:01	0.0	3.0	2.0	2.0	3.0
7:02	3.0	5.0	5.0	5.0	5.0
7:03	3.0	2.0	2.0	2.0	2.0
7:04	3.0	5.0	5.0	5.0	5.0
7:05	3.0	2.0	2.0	2.0	2.0
7:06	4.0	6.0	6.0	6.0	6.0
7:07	6.0	2.0	2.0	2.0	2.0
7:08	4.0	5.0	5.0	5.0	5.0
7:09	3.0	2.0	3.0	3.0	3.0
7:10	4.0	6.0	7.0	7.0	4.0
7:11	6.0	7.0	5.0	5.0	8.0
7:12	3.0	5.0	9.0	9.0	6.0
7:13	10.0	8.0	6.0	6.0	9.0
7:14	8.0	8.0	6.0	6.0	6.0
7:15	5.0	2.0	2.0	2.0	2.0
7:16	3.0	3.0	3.0	3.0	3.0
7:17	5.0	4.0	4.0	4.0	4.0
7:18	3.0	7.0	6.0	6.0	5.0
7:19	9.0	4.0	5.0	5.0	6.0
7:20	4.0	5.0	5.0	5.0	5.0
7:21	5.0	2.0	2.0	2.0	2.0
7:22	4.0	8.0	6.0	6.0	3.0
7:23	5.0	2.0	4.0	4.0	8.0
7:24	6.0	4.0	5.0	5.0	4.0
7:25	4.0	6.0	5.0	5.0	5.0
7:26	5.0	4.0	3.0	3.0	3.0
7:27	2.0	5.0	6.0	6.0	6.0
7:28	6.0	5.0	5.0	5.0	6.0
7:29	3.0	3.0	5.0	5.0	7.0
7:30	9.0	9.0	8.0	8.0	6.0
7:31	9.0	5.0	4.0	4.0	3.0
7:32	4.0	7.0	8.0	8.0	8.0
7:33	9.0	8.0	7.0	7.0	7.0
7:34	3.0	6.0	6.0	6.0	8.0
7:35	6.0	7.0	7.0	7.0	5.0
7:36	8.0	9.0	10.0	10.0	7.0
7:37	8.0	5.0	5.0	5.0	8.0
7:38	7.0	6.0	5.0	5.0	4.0
7:39	4.0	5.0	4.0	4.0	5.0
7:40	5.0	8.0	8.0	8.0	7.0
7:41	6.0	8.0	6.0	6.0	9.0
7:42	10.0	1.0	5.0	5.0	3.0
7:43	4.0	6.0	5.0	5.0	4.0
7:44	6.0	8.0	7.0	7.0	7.0
7:45	8.0	6.0	9.0	9.0	8.0
7:46	7.0	9.0	7.0	7.0	4.0
7:47	7.0	6.0	4.0	4.0	8.0
7:48	3.0	3.0	5.0	5.0	4.0
7:49	10.0	8.0	9.0	9.0	6.0
7:50	8.0	6.0	5.0	5.0	7.0
7:51	3.0	3.0	3.0	3.0	4.0
7:52	6.0	8.0	10.0	10.0	8.0
7:53	4.0	5.0	3.0	3.0	4.0
7:54	5.0	5.0	7.0	7.0	7.0
7:55	7.0	7.0	4.0	4.0	4.0
7:56	7.0	5.0	4.0	4.0	5.0
7:57	2.0	4.0	4.0	4.0	4.0
7:58	10.0	11.0	12.0	12.0	7.0
7:59	5.0	6.0	4.0	4.0	11.0
8:00	11.0	11.0	12.0	12.0	12.0
8:01	5.0	7.0	9.0	9.0	6.0
8:02	9.0	7.0	8.0	8.0	7.0
8:03	8.0	9.0	9.0	9.0	8.0
8:04	8.0	6.0	6.0	6.0	8.0
8:05	7.0	6.0	5.0	5.0	5.0
8:06	9.0	5.0	5.0	5.0	5.0
8:07	3.0	9.0	4.0	4.0	6.0
8:08	11.0	7.0	11.0	11.0	8.0
8:09	6.0	9.0	6.0	6.0	9.0
8:10	10.0	6.0	6.0	6.0	6.0
8:11	11.0	9.0	9.0	9.0	8.0
8:12	5.0	10.0	11.0	11.0	8.0
8:13	9.0	3.0	6.0	6.0	8.0
8:14	5.0	4.0	4.0	4.0	4.0
8:15	4.0	10.0	6.0	6.0	8.0
8:16	7.0	4.0	12.0	12.0	10.0
8:17	9.0	11.0	7.0	7.0	7.0
8:18	7.0	7.0	5.0	5.0	4.0
8:19	13.0	12.0	11.0	11.0	13.0
8:20	15.0	15.0	16.0	16.0	13.0
8:21	9.0	7.0	9.0	9.0	10.0
8:22	7.0	5.0	1.0	1.0	9.0
8:23	5.0	12.0	15.0	15.0	9.0
8:24	9.0	10.0	7.0	7.0	10.0
8:25	11.0	6.0	10.0	10.0	6.0
8:26	8.0	6.0	7.0	7.0	7.0
8:27	8.0	9.0	8.0	8.0	9.0
8:28	10.0	4.0	4.0	4.0	3.0
8:29	3.0	1.0	8.0	8.0	7.0
8:30	10.0	9.0	8.0	8.0	5.0
8:31	6.0	16.0	10.0	10.0	11.0
8:32	12.0	4.0	4.0	4.0	6.0
8:33	3.0	7.0	8.0	8.0	7.0
8:34	5.0	4.0	2.0	2.0	4.0
8:35	11.0	14.0	14.0	14.0	13.0
8:36	11.0	11.0	11.0	11.0	6.0
8:37	11.0	8.0	9.0	9.0	12.0
8:38	10.0	12.0	11.0	12.0	10.0
8:39	13.0	11.0	7.0	7.0	13.0
8:40	14.0	6.0	12.0	12.0	8.0
8:41	11.0	16.0	15.0	16.0	11.0
8:42	13.0	9.0	7.0	6.0	7.0
8:43	16.0	14.0	9.0	9.0	13.0
8:44	15.0	8.0	7.0	7.0	8.0
8:45	9.0	11.0	18.0	18.0	19.0
8:46	11.0	10.0	13.0	13.0	6.0
8:47	9.0	7.0	5.0	5.0	10.0
8:48	9.0	6.0	8.0	8.0	4.0
8:49	7.0	9.0	7.0	7.0	9.0
8:50	13.0	8.0	12.0	12.0	8.0
8:51	17.0	17.0	13.0	13.0	17.0
8:52	7.0	10.0	8.0	8.0	8.0
8:53	16.0	12.0	10.0	11.0	12.0
8:54	9.0	9.0	11.0	10.0	13.0
8:55	11.0	10.0	10.0	10.0	6.0
8:56	15.0	12.0	7.0	7.0	11.0
8:57	11.0	7.0	13.0	13.0	11.0
8:58	5.0	14.0	18.0	18.0	13.0
8:59	22.0	16.0	15.0	15.0	7.0
9:00	16.0	13.0	12.0	12.0	13.0
9:01	8.0	8.0	10.0	10.0	16.0
9:02	14.0	14.0	10.0	10.0	5.0
9:03	19.0	20.0	18.0	18.0	12.0
9:04	6.0	6.0	6.0	6.0	13.0
9:05	6.0	8.0	10.0	10.0	15.0
9:06	11.0	11.0	11.0	11.0	14.0
9:07	7.0	12.0	17.0	17.0	16.0
9:08	17.0	14.0	6.0	6.0	6.0
9:09	14.0	13.0	11.0	11.0	11.0
9:10	12.0	11.0	20.0	20.0	14.0
9:11	12.0	10.0	7.0	7.0	11.0
9:12	19.0	14.0	11.0	11.0	15.0
9:13	12.0	11.0	19.0	19.0	11.0
9:14	14.0	15.0	10.0	10.0	15.0
9:15	16.0	16.0	11.0	11.0	8.0
9:16	15.0	15.0	23.0	23.0	20.0
9:17	6.0	12.0	9.0	10.0	14.0
9:18	13.0	13.0	17.0	16.0	15.0
9:19	13.0	13.0	8.0	8.0	9.0
9:20	8.0	12.0	10.0	10.0	9.0
9:21	16.0	11.0	13.0	13.0	10.0
9:22	16.0	8.0	8.0	8.0	7.0
9:23	7.0	4.0	6.0	6.0	12.0
9:24	11.0	16.0	12.0	13.0	16.0
9:25	15.0	9.0	14.0	14.0	13.0
9:26	18.0	12.0	15.0	15.0	10.0
9:27	15.0	21.0	16.0	16.0	16.0
9:28	16.0	17.0	18.0	18.0	12.0
9:29	20.0	11.0	13.0	13.0	15.0
9:30	11.0	17.0	15.0	15.0	14.0
9:31	24.0	10.0	10.0	10.0	14.0
9:32	11.0	23.0	19.0	19.0	19.0
9:33	16.0	13.0	13.0	12.0	21.0
9:34	13.0	15.0	20.0	20.0	14.0
9:35	4.0	14.0	10.0	11.0	20.0
9:36	33.0	14.0	15.0	15.0	7.0
9:37	16.0	8.0	17.0	17.0	9.0
9:38	17.0	20.0	19.0	19.0	21.0
9:39	22.0	16.0	19.0	19.0	18.0
9:40	17.0	21.0	15.0	15.0	18.0
9:41	14.0	17.0	18.0	19.0	23.0
9:42	17.0	20.0	15.0	14.0	19.0
9:43	21.0	19.0	25.0	25.0	12.0
9:44	19.0	20.0	17.0	17.0	10.0
9:45	13.0	15.0	17.0	17.0	24.0
9:46	14.0	9.0	14.0	14.0	21.0
9:47	20.0	21.0	15.0	15.0	14.0
9:48	22.0	20.0	11.0	11.0	14.0
9:49	16.0	8.0	16.0	16.0	17.0
9:50	15.0	20.0	16.0	17.0	13.0
9:51	13.0	10.0	15.0	14.0	14.0
9:52	24.0	10.0	18.0	18.0	11.0
9:53	19.0	16.0	17.0	17.0	15.0
9:54	13.0	17.0	5.0	5.0	13.0
9:55	16.0	12.0	14.0	14.0	16.0
9:56	17.0	19.0	15.0	15.0	15.0
9:57	14.0	15.0	22.0	22.0	17.0
9:58	26.0	13.0	11.0	11.0	13.0
9:59	20.0	17.0	23.0	24.0	24.0
10:00	14.0	19.0	25.0	25.0	22.0
10:01	18.0	35.0	25.0	23.0	25.0
10:02	15.0	13.0	12.0	14.0	15.0
10:03	13.0	11.0	17.0	18.0	9.0
10:04	16.0	18.0	16.0	15.0	16.0
10:05	20.0	23.0	13.0	13.0	22.0
10:06	16.0	13.0	16.0	16.0	15.0
10:07	14.0	9.0	7.0	8.0	10.0
10:08	20.0	18.0	11.0	11.0	13.0
10:09	24.0	17.0	24.0	24.0	19.0
10:10	24.0	15.0	13.0	13.0	24.0
10:11	32.0	25.0	32.0	32.0	26.0
10:12	20.0	28.0	17.0	17.0	23.0
10:13	22.0	21.0	23.0	24.0	22.0
10:14	22.0	20.0	21.0	21.0	16.0
10:15	19.0	17.0	17.0	17.0	20.0
10:16	16.0	29.0	27.0	27.0	26.0
10:17	25.0	20.0	28.0	28.0	14.0
10:18	17.0	23.0	21.0	21.0	22.0
10:19	24.0	21.0	14.0	14.0	19.0
10:20	13.0	14.0	23.0	23.0	23.0
10:21	27.0	7.0	8.0	8.0	12.0
10:22	21.0	16.0	17.0	17.0	16.0
10:23	25.0	27.0	23.0	23.0	12.0
10:24	14.0	24.0	20.0	20.0	18.0
10:25	29.0	17.0	17.0	17.0	18.0
10:26	15.0	24.0	27.0	26.0	22.0
10:27	22.0	19.0	20.0	21.0	20.0
10:28	23.0	18.0	17.0	17.0	22.0
10:29	22.0	16.0	16.0	15.0	24.0
10:30	23.0	17.0	20.0	21.0	19.0
10:31	20.0	21.0	21.0	21.0	24.0
10:32	21.0	23.0	14.0	14.0	15.0
10:33	28.0	19.0	20.0	20.0	21.0
10:34	19.0	32.0	21.0	21.0	21.0
10:35	14.0	11.0	19.0	19.0	20.0
10:36	22.0	14.0	14.0	14.0	13.0
10:37	26.0	14.0	14.0	14.0	14.0
10:38	19.0	21.0	22.0	21.0	16.0
10:39	30.0	22.0	15.0	17.0	21.0
10:40	16.0	20.0	16.0	15.0	20.0
10:41	17.0	21.0	29.0	30.0	20.0
10:42	19.0	18.0	20.0	19.0	29.0
10:43	24.0	23.0	30.0	30.0	19.0
10:44	15.0	19.0	22.0	22.0	24.0
10:45	21.0	22.0	16.0	17.0	18.0
10:46	23.0	19.0	16.0	16.0	13.0
10:47	19.0	19.0	20.0	20.0	25.0
10:48	18.0	23.0	19.0	19.0	19.0
10:49	24.0	21.0	18.0	18.0	27.0
10:50	19.0	20.0	17.0	17.0	14.0
10:51	33.0	20.0	19.0	20.0	19.0
10:52	14.0	18.0	25.0	24.0	26.0
10:53	23.0	19.0	28.0	28.0	19.0
10:54	25.0	16.0	12.0	12.0	12.0
10:55	19.0	23.0	20.0	21.0	23.0
10:56	23.0	18.0	31.0	30.0	21.0
10:57	19.0	20.0	15.0	16.0	31.0
10:58	29.0	15.0	22.0	22.0	18.0
10:59	20.0	16.0	29.0	28.0	22.0
11:00	20.0	31.0	20.0	20.0	16.0
11:01	18.0	23.0	15.0	16.0	19.0
11:02	13.0	15.0	24.0	24.0	26.0
11:03	24.0	23.0	16.0	17.0	23.0
11:04	21.0	23.0	19.0	18.0	16.0
11:05	23.0	22.0	20.0	20.0	22.0
11:06	21.0	24.0	26.0	25.0	23.0
11:07	27.0	20.0	14.0	15.0	17.0
11:08	19.0	22.0	23.0	23.0	19.0
11:09	20.0	23.0	24.0	24.0	20.0
11:10	26.0	34.0	29.0	30.0	22.0
11:11	16.0	24.0	30.0	29.0	25.0
11:12	22.0	23.0	18.0	18.0	30.0
11:13	19.0	22.0	24.0	24.0	27.0
11:14	27.0	20.0	17.0	17.0	19.0
11:15	18.0	11.0	19.0	19.0	17.0
11:16	18.0	18.0	25.0	26.0	16.0
11:17	26.0	24.0	15.0	14.0	21.0
11:18	35.0	15.0	10.0	10.0	14.0
11:19	19.0	22.0	21.0	20.0	17.0
11:20	29.0	24.0	23.0	25.0	22.0
11:21	16.0	14.0	22.0	22.0	23.0
11:22	27.0	28.0	18.0	18.0	22.0
11:23	25.0	30.0	28.0	28.0	27.0
11:24	29.0	25.0	28.0	28.0	31.0
11:25	21.0	23.0	27.0	27.0	29.0
11:26	27.0	19.0	26.0	25.0	31.0
11:27	23.0	27.0	31.0	32.0	17.0
11:28	19.0	21.0	27.0	27.0	20.0
11:29	23.0	24.0	20.0	20.0	24.0
11:30	24.0	31.0	19.0	18.0	22.0
11:31	18.0	19.0	30.0	31.0	26.0
11:32	19.0	21.0	28.0	28.0	21.0
11:33	24.0	20.0	17.0	17.0	23.0
11:34	24.0	26.0	16.0	16.0	18.0
11:35	17.0	18.0	18.0	18.0	19.0
11:36	27.0	17.0	13.0	13.0	16.0
11:37	27.0	30.0	16.0	14.0	20.0
11:38	23.0	21.0	23.0	25.0	21.0
11:39	19.0	24.0	30.0	30.0	29.0
11:40	21.0	15.0	24.0	24.0	25.0
11:41	27.0	34.0	29.0	29.0	30.0
11:42	20.0	22.0	30.0	30.0	20.0
11:43	21.0	26.0	18.0	18.0	12.0
11:44	19.0	16.0	20.0	20.0	17.0
11:45	24.0	19.0	22.0	22.0	15.0
11:46	17.0	21.0	16.0	16.0	22.0
11:47	29.0	17.0	14.0	15.0	21.0
11:48	29.0	16.0	17.0	17.0	26.0
11:49	31.0	23.0	25.0	25.0	16.0
11:50	18.0	19.0	20.0	20.0	25.0
11:51	20.0	30.0	25.0	25.0	26.0
11:52	24.0	29.0	32.0	32.0	20.0
11:53	24.0	34.0	25.0	25.0	20.0
11:54	15.0	21.0	29.0	29.0	25.0
11:55	25.0	22.0	29.0	29.0	29.0
11:56	18.0	17.0	18.0	18.0	32.0
11:57	17.0	14.0	9.0	9.0	19.0
11:58	20.0	17.0	19.0	19.0	16.0
11:59	20.0	17.0	17.0	16.0	20.0
12:00	25.0	20.0	19.0	20.0	16.0
12:01	21.0	20.0	18.0	18.0	17.0
12:02	17.0	13.0	15.0	15.0	18.0
12:03	29.0	20.0	13.0	13.0	27.0
12:04	20.0	25.0	24.0	24.0	28.0
12:05	23.0	25.0	24.0	24.0	25.0
12:06	40.0	22.0	31.0	32.0	19.0
12:07	15.0	31.0	30.0	29.0	25.0
12:08	18.0	22.0	18.0	18.0	18.0
12:09	28.0	22.0	24.0	24.0	22.0
12:10	29.0	28.0	19.0	19.0	16.0
12:11	33.0	14.0	22.0	22.0	19.0
12:12	23.0	19.0	25.0	25.0	15.0
12:13	14.0	32.0	21.0	22.0	27.0
12:14	38.0	23.0	35.0	34.0	22.0
12:15	19.0	29.0	28.0	28.0	23.0
12:16	23.0	26.0	32.0	31.0	34.0
12:17	28.0	27.0	18.0	19.0	34.0
12:18	28.0	30.0	22.0	22.0	28.0
12:19	15.0	22.0	19.0	19.0	27.0
12:20	27.0	25.0	23.0	23.0	21.0
12:21	18.0	29.0	30.0	30.0	19.0
12:22	13.0	15.0	25.0	25.0	21.0
12:23	25.0	15.0	20.0	20.0	14.0
12:24	19.0	17.0	21.0	21.0	14.0
12:25	30.0	23.0	18.0	18.0	26.0
12:26	30.0	23.0	19.0	19.0	18.0
12:27	37.0	18.0	31.0	31.0	18.0
12:28	18.0	22.0	20.0	20.0	25.0
12:29	28.0	26.0	30.0	30.0	20.0
12:30	22.0	28.0	23.0	23.0	22.0
12:31	18.0	33.0	21.0	21.0	32.0
12:32	26.0	22.0	22.0	22.0	29.0
12:33	19.0	28.0	26.0	28.0	34.0
12:34	21.0	27.0	21.0	20.0	22.0
12:35	29.0	21.0	22.0	22.0	24.0
12:36	23.0	9.0	11.0	11.0	21.0
12:37	21.0	8.0	17.0	17.0	17.0
12:38	36.0	14.0	23.0	23.0	10.0
12:39	25.0	13.0	14.0	14.0	17.0
12:40	30.0	21.0	23.0	23.0	19.0
12:41	19.0	24.0	24.0	24.0	24.0
12:42	24.0	34.0	28.0	28.0	28.0
12:43	22.0	24.0	33.0	33.0	30.0
12:44	30.0	36.0	21.0	21.0	27.0
12:45	26.0	26.0	30.0	30.0	22.0
12:46	33.0	21.0	21.0	21.0	21.0
12:47	37.0	17.0	17.0	17.0	25.0
12:48	22.0	21.0	19.0	19.0	25.0
12:49	23.0	20.0	34.0	36.0	28.0
12:50	23.0	32.0	44.0	42.0	24.0
12:51	20.0	34.0	27.0	27.0	35.0
12:52	36.0	29.0	20.0	20.0	26.0
12:53	24.0	34.0	25.0	25.0	32.0
12:54	21.0	27.0	25.0	25.0	21.0
12:55	29.0	31.0	27.0	27.0	26.0
12:56	29.0	18.0	27.0	27.0	30.0
12:57	26.0	14.0	22.0	22.0	21.0
12:58	34.0	26.0	21.0	21.0	19.0
12:59	22.0	29.0	29.0	29.0	27.0
13:00	24.0	29.0	25.0	25.0	24.0
13:01	34.0	32.0	35.0	38.0	32.0
13:02	28.0	32.0	31.0	29.0	26.0
13:03	25.0	31.0	23.0	23.0	26.0
13:04	25.0	18.0	21.0	21.0	25.0
13:05	23.0	27.0	21.0	21.0	30.0
13:06	24.0	36.0	27.0	27.0	22.0
13:07	24.0	25.0	22.0	23.0	25.0
13:08	28.0	20.0	31.0	30.0	27.0
13:09	29.0	22.0	26.0	27.0	27.0
13:10	23.0	32.0	29.0	29.0	29.0
13:11	20.0	30.0	26.0	27.0	22.0
13:12	28.0	30.0	24.0	23.0	31.0
13:13	29.0	33.0	23.0	23.0	36.0
13:14	23.0	17.0	22.0	22.0	18.0
13:15	23.0	15.0	18.0	18.0	25.0
13:16	28.0	18.0	24.0	23.0	19.0
13:17	30.0	25.0	22.0	23.0	23.0
13:18	25.0	25.0	22.0	22.0	12.0
13:19	28.0	30.0	14.0	14.0	26.0
13:20	24.0	26.0	35.0	36.0	20.0
13:21	34.0	21.0	25.0	24.0	30.0
13:22	21.0	19.0	32.0	33.0	21.0
13:23	26.0	21.0	21.0	20.0	30.0
13:24	33.0	29.0	15.0	15.0	27.0
13:25	26.0	24.0	32.0	32.0	22.0
13:26	27.0	25.0	21.0	21.0	16.0
13:27	33.0	19.0	20.0	20.0	21.0
13:28	33.0	17.0	17.0	16.0	26.0
13:29	29.0	16.0	28.0	29.0	31.0
13:30	32.0	25.0	19.0	20.0	23.0
13:31	31.0	20.0	40.0	39.0	24.0
13:32	24.0	26.0	28.0	29.0	26.0
13:33	25.0	25.0	33.0	32.0	27.0
13:34	27.0	44.0	37.0	37.0	30.0
13:35	29.0	31.0	35.0	36.0	28.0
13:36	23.0	31.0	24.0	23.0	32.0
13:37	28.0	25.0	24.0	24.0	24.0
13:38	37.0	30.0	28.0	27.0	28.0
13:39	35.0	24.0	32.0	33.0	29.0
13:40	26.0	40.0	30.0	29.0	32.0
13:41	38.0	15.0	16.0	16.0	21.0
13:42	31.0	16.0	20.0	20.0	18.0
13:43	33.0	28.0	25.0	25.0	22.0
13:44	29.0	20.0	28.0	28.0	26.0
13:45	39.0	20.0	30.0	29.0	32.0
13:46	31.0	35.0	34.0	35.0	28.0
13:47	36.0	42.0	34.0	33.0	18.0
13:48	27.0	31.0	26.0	27.0	28.0
13:49	28.0	39.0	33.0	33.0	41.0
13:50	31.0	35.0	36.0	36.0	38.0
13:51	27.0	40.0	37.0	37.0	35.0
13:52	27.0	29.0	39.0	38.0	41.0
13:53	42.0	36.0	32.0	33.0	44.0
13:54	20.0	40.0	24.0	24.0	39.0
13:55	37.0	38.0	33.0	33.0	34.0
13:56	28.0	31.0	36.0	35.0	30.0
13:57	26.0	32.0	46.0	47.0	34.0
13:58	27.0	26.0	26.0	26.0	32.0
13:59	23.0	37.0	25.0	25.0	32.0
14:00	38.0	36.0	24.0	24.0	22.0
14:01	24.0	21.0	28.0	28.0	16.0
14:02	31.0	36.0	23.0	23.0	28.0
14:03	34.0	15.0	22.0	22.0	29.0
14:04	33.0	26.0	37.0	37.0	29.0
14:05	26.0	25.0	39.0	39.0	41.0
14:06	25.0	22.0	26.0	26.0	31.0
14:07	42.0	22.0	31.0	31.0	37.0
14:08	29.0	28.0	34.0	33.0	23.0
14:09	34.0	36.0	25.0	27.0	21.0
14:10	39.0	26.0	18.0	18.0	24.0
14:11	34.0	30.0	23.0	25.0	30.0
14:12	30.0	30.0	32.0	31.0	17.0
14:13	23.0	32.0	31.0	31.0	26.0
14:14	19.0	30.0	30.0	30.0	34.0
14:15	25.0	39.0	25.0	26.0	34.0
14:16	30.0	36.0	34.0	34.0	29.0
14:17	28.0	19.0	30.0	30.0	27.0
14:18	25.0	29.0	33.0	33.0	24.0
14:19	31.0	25.0	29.0	28.0	25.0
14:20	28.0	28.0	16.0	16.0	32.0
14:21	33.0	24.0	27.0	29.0	25.0
14:22	31.0	22.0	37.0	35.0	30.0
14:23	36.0	37.0	21.0	22.0	34.0
14:24	33.0	15.0	26.0	26.0	29.0
14:25	43.0	27.0	22.0	22.0	28.0
14:26	30.0	27.0	23.0	23.0	26.0
14:27	30.0	34.0	23.0	24.0	29.0
14:28	24.0	31.0	33.0	30.0	28.0
14:29	32.0	33.0	29.0	31.0	25.0
14:30	26.0	36.0	36.0	35.0	23.0
14:31	50.0	33.0	27.0	27.0	35.0
14:32	36.0	41.0	41.0	41.0	38.0
14:33	27.0	26.0	31.0	31.0	31.0
14:34	40.0	27.0	17.0	17.0	38.0
14:35	24.0	39.0	51.0	50.0	39.0
14:36	38.0	39.0	29.0	29.0	22.0
14:37	29.0	29.0	43.0	45.0	36.0
14:38	20.0	37.0	34.0	32.0	34.0
14:39	25.0	40.0	33.0	34.0	41.0
14:40	29.0	33.0	38.0	38.0	36.0
14:41	34.0	28.0	32.0	31.0	23.0
14:42	26.0	38.0	26.0	28.0	25.0
14:43	26.0	30.0	31.0	30.0	31.0
14:44	51.0	27.0	35.0	36.0	33.0
14:45	30.0	21.0	17.0	17.0	35.0
14:46	32.0	23.0	25.0	24.0	20.0
14:47	38.0	28.0	25.0	25.0	34.0
14:48	40.0	19.0	38.0	38.0	25.0
14:49	47.0	30.0	23.0	23.0	28.0
14:50	25.0	25.0	32.0	31.0	25.0
14:51	37.0	29.0	29.0	31.0	32.0
14:52	36.0	30.0	28.0	27.0	35.0
14:53	40.0	27.0	38.0	38.0	36.0
14:54	30.0	30.0	34.0	34.0	20.0
14:55	48.0	26.0	33.0	32.0	36.0
14:56	31.0	36.0	43.0	44.0	35.0
14:57	24.0	46.0	30.0	30.0	37.0
14:58	32.0	29.0	40.0	38.0	37.0
14:59	28.0	25.0	26.0	27.0	22.0
15:00	27.0	39.0	31.0	32.0	38.0
15:01	24.0	27.0	35.0	34.0	31.0
15:02	34.0	36.0	33.0	33.0	32.0
15:03	35.0	41.0	34.0	34.0	34.0
15:04	37.0	36.0	36.0	36.0	35.0
15:05	26.0	39.0	35.0	34.0	38.0
15:06	38.0	38.0	19.0	21.0	36.0
15:07	44.0	26.0	41.0	41.0	30.0
15:08	40.0	39.0	40.0	39.0	26.0
15:09	41.0	33.0	27.0	27.0	19.0
15:10	33.0	29.0	24.0	24.0	25.0
15:11	32.0	41.0	22.0	22.0	27.0
15:12	48.0	36.0	40.0	40.0	31.0
15:13	28.0	31.0	28.0	29.0	34.0
15:14	44.0	36.0	42.0	41.0	39.0
15:15	31.0	28.0	22.0	22.0	42.0
15:16	40.0	35.0	21.0	21.0	38.0
15:17	30.0	28.0	45.0	45.0	38.0
15:18	34.0	26.0	41.0	42.0	39.0
15:19	39.0	29.0	31.0	30.0	32.0
15:20	26.0	43.0	40.0	40.0	38.0
15:21	28.0	27.0	33.0	33.0	38.0
15:22	26.0	33.0	44.0	38.0	38.0
15:23	36.0	50.0	52.0	59.0	39.0
15:24	24.0	35.0	44.0	41.0	38.0
15:25	25.0	43.0	40.0	41.0	40.0
15:26	25.0	43.0	29.0	30.0	34.0
15:27	42.0	34.0	35.0	35.0	36.0
15:28	53.0	37.0	26.0	28.0	39.0
15:29	26.0	35.0	35.0	32.0	29.0
15:30	30.0	43.0	23.0	23.0	30.0
15:31	29.0	37.0	23.0	23.0	30.0
15:32	42.0	17.0	33.0	33.0	26.0
15:33	32.0	16.0	18.0	18.0	23.0
15:34	39.0	20.0	28.0	28.0	33.0
15:35	35.0	22.0	30.0	30.0	17.0
15:36	48.0	31.0	36.0	36.0	25.0
15:37	40.0	28.0	36.0	35.0	27.0
15:38	44.0	35.0	32.0	32.0	21.0
15:39	39.0	28.0	40.0	40.0	30.0
15:40	39.0	34.0	34.0	34.0	29.0
15:41	33.0	34.0	30.0	31.0	30.0
15:42	24.0	40.0	33.0	32.0	39.0
15:43	45.0	51.0	33.0	33.0	42.0
15:44	20.0	37.0	50.0	47.0	35.0
15:45	43.0	30.0	34.0	36.0	43.0
15:46	39.0	45.0	35.0	35.0	45.0
15:47	39.0	41.0	49.0	48.0	43.0
15:48	34.0	40.0	34.0	35.0	40.0
15:49	36.0	37.0	46.0	48.0	47.0
15:50	40.0	41.0	33.0	31.0	44.0
15:51	33.0	41.0	30.0	30.0	40.0
15:52	37.0	36.0	33.0	32.0	36.0
15:53	30.0	34.0	35.0	36.0	41.0
15:54	19.0	37.0	25.0	25.0	26.0
15:55	49.0	26.0	38.0	38.0	31.0
15:56	32.0	28.0	32.0	32.0	31.0
15:57	32.0	36.0	32.0	32.0	34.0
15:58	46.0	29.0	31.0	31.0	36.0
15:59	21.0	36.0	31.0	33.0	32.0
16:00	42.0	30.0	32.0	31.0	33.0
16:01	48.0	28.0	34.0	33.0	27.0
16:02	39.0	32.0	31.0	31.0	34.0
16:03	37.0	37.0	42.0	41.0	33.0
16:04	38.0	40.0	22.0	23.0	31.0
16:05	37.0	31.0	29.0	31.0	36.0
16:06	25.0	42.0	37.0	37.0	42.0
16:07	40.0	26.0	30.0	29.0	31.0
16:08	33.0	34.0	44.0	45.0	40.0
16:09	29.0	38.0	31.0	31.0	41.0
16:10	26.0	31.0	46.0	45.0	33.0
16:11	30.0	33.0	30.0	29.0	45.0
16:12	38.0	40.0	47.0	47.0	37.0
16:13	39.0	40.0	37.0	39.0	23.0
16:14	22.0	42.0	43.0	42.0	38.0
16:15	44.0	34.0	36.0	43.0	46.0
16:16	25.0	39.0	46.0	38.0	45.0
16:17	28.0	39.0	34.0	35.0	43.0
16:18	32.0	46.0	35.0	35.0	35.0
16:19	31.0	32.0	33.0	33.0	34.0
16:20	51.0	43.0	34.0	35.0	42.0
16:21	40.0	33.0	36.0	34.0	27.0
16:22	23.0	28.0	33.0	34.0	31.0
16:23	52.0	35.0	26.0	26.0	32.0
16:24	35.0	19.0	30.0	30.0	32.0
16:25	34.0	22.0	21.0	21.0	32.0
16:26	40.0	24.0	15.0	15.0	19.0
16:27	32.0	29.0	35.0	32.0	22.0
16:28	33.0	24.0	36.0	39.0	30.0
16:29	41.0	29.0	34.0	34.0	37.0
16:30	43.0	38.0	29.0	29.0	29.0
16:31	34.0	39.0	36.0	34.0	36.0
16:32	38.0	47.0	52.0	52.0	36.0
16:33	36.0	46.0	35.0	35.0	35.0
16:34	31.0	36.0	32.0	33.0	35.0
16:35	35.0	31.0	30.0	30.0	34.0
16:36	34.0	35.0	37.0	37.0	44.0
16:37	35.0	45.0	33.0	39.0	38.0
16:38	28.0	39.0	56.0	51.0	44.0
16:39	38.0	39.0	35.0	33.0	40.0
16:40	24.0	40.0	31.0	33.0	35.0
16:41	52.0	38.0	47.0	45.0	36.0
16:42	33.0	40.0	40.0	40.0	44.0
16:43	20.0	29.0	45.0	49.0	43.0
16:44	35.0	42.0	39.0	37.0	23.0
16:45	41.0	37.0	41.0	39.0	35.0
16:46	41.0	26.0	24.0	25.0	32.0
16:47	43.0	39.0	42.0	42.0	31.0
16:48	32.0	32.0	27.0	27.0	39.0
16:49	36.0	26.0	31.0	29.0	28.0
16:50	28.0	27.0	27.0	29.0	29.0
16:51	34.0	34.0	38.0	38.0	37.0
16:52	33.0	29.0	25.0	25.0	30.0
16:53	52.0	32.0	40.0	40.0	37.0
16:54	41.0	29.0	29.0	29.0	35.0
16:55	35.0	36.0	28.0	30.0	27.0
16:56	32.0	37.0	41.0	40.0	33.0
16:57	45.0	25.0	34.0	33.0	30.0
16:58	43.0	33.0	41.0	41.0	39.0
16:59	39.0	28.0	30.0	30.0	41.0
17:00	32.0	35.0	29.0	29.0	34.0
17:01	38.0	39.0	26.0	18.0	30.0
17:02	41.0	27.0	46.0	54.0	33.0
17:03	31.0	44.0	32.0	33.0	39.0
17:04	37.0	41.0	39.0	41.0	29.0
17:05	30.0	42.0	46.0	44.0	34.0
17:06	33.0	44.0	32.0	32.0	29.0
17:07	36.0	42.0	43.0	42.0	32.0
17:08	31.0	44.0	37.0	40.0	34.0
17:09	43.0	40.0	42.0	38.0	41.0
17:10	38.0	43.0	31.0	33.0	44.0
17:11	34.0	41.0	43.0	41.0	46.0
17:12	43.0	42.0	57.0	59.0	44.0
17:13	33.0	41.0	37.0	37.0	45.0
17:14	32.0	43.0	37.0	38.0	32.0
17:15	33.0	37.0	42.0	40.0	53.0
17:16	37.0	31.0	42.0	42.0	27.0
17:17	29.0	28.0	29.0	32.0	30.0
17:18	40.0	37.0	30.0	28.0	29.0
17:19	37.0	30.0	35.0	35.0	36.0
17:20	29.0	27.0	38.0	39.0	38.0
17:21	31.0	30.0	39.0	38.0	32.0
17:22	29.0	48.0	45.0	45.0	41.0
17:23	28.0	37.0	27.0	28.0	35.0
17:24	39.0	33.0	36.0	35.0	37.0
17:25	38.0	35.0	36.0	37.0	39.0
17:26	40.0	39.0	39.0	39.0	36.0
17:27	40.0	29.0	33.0	33.0	46.0
17:28	45.0	31.0	35.0	34.0	44.0
17:29	28.0	33.0	26.0	27.0	33.0
17:30	19.0	34.0	31.0	31.0	31.0
17:31	45.0	38.0	25.0	25.0	30.0
17:32	41.0	34.0	36.0	37.0	28.0
17:33	46.0	32.0	34.0	32.0	29.0
17:34	35.0	46.0	30.0	31.0	31.0
17:35	33.0	33.0	37.0	38.0	28.0
17:36	33.0	30.0	31.0	30.0	32.0
17:37	33.0	27.0	35.0	35.0	44.0
17:38	33.0	46.0	40.0	40.0	47.0
17:39	24.0	30.0	48.0	47.0	38.0
17:40	31.0	34.0	34.0	35.0	34.0
17:41	33.0	44.0	41.0	40.0	44.0
17:42	31.0	46.0	19.0	19.0	35.0
17:43	40.0	46.0	29.0	30.0	36.0
17:44	25.0	25.0	30.0	32.0	39.0
17:45	33.0	34.0	45.0	45.0	40.0
17:46	46.0	36.0	45.0	42.0	34.0
17:47	29.0	36.0	47.0	48.0	36.0
17:48	40.0	29.0	30.0	30.0	44.0
17:49	29.0	43.0	42.0	42.0	46.0
17:50	38.0	40.0	36.0	37.0	31.0
17:51	23.0	35.0	29.0	28.0	25.0
17:52	32.0	33.0	44.0	44.0	18.0
17:53	32.0	32.0	33.0	33.0	34.0
17:54	35.0	25.0	35.0	35.0	40.0
17:55	26.0	47.0	33.0	33.0	38.0
17:56	40.0	36.0	19.0	19.0	35.0
17:57	34.0	32.0	32.0	33.0	41.0
17:58	35.0	38.0	21.0	20.0	46.0
17:59	21.0	33.0	36.0	37.0	36.0
18:00	23.0	35.0	40.0	39.0	34.0
18:01	22.0	39.0	30.0	34.0	41.0
18:02	42.0	27.0	45.0	41.0	25.0
18:03	35.0	27.0	26.0	26.0	20.0
18:04	43.0	18.0	24.0	24.0	15.0
18:05	25.0	24.0	27.0	27.0	22.0
18:06	31.0	23.0	29.0	29.0	28.0
18:07	22.0	29.0	42.0	42.0	28.0
18:08	20.0	33.0	45.0	48.0	29.0
18:09	19.0	33.0	43.0	40.0	35.0
18:10	39.0	32.0	35.0	35.0	38.0
18:11	22.0	37.0	21.0	21.0	39.0
18:12	31.0	26.0	26.0	26.0	33.0
18:13	26.0	31.0	32.0	32.0	42.0
18:14	40.0	40.0	30.0	30.0	24.0
18:15	33.0	25.0	22.0	22.0	35.0
18:16	32.0	31.0	23.0	23.0	19.0
18:17	28.0	26.0	28.0	28.0	23.0
18:18	27.0	32.0	23.0	23.0	19.0
18:19	36.0	42.0	40.0	38.0	39.0
18:20	33.0	26.0	38.0	41.0	30.0
18:21	30.0	17.0	30.0	30.0	37.0
18:22	24.0	19.0	32.0	31.0	40.0
18:23	31.0	39.0	45.0	46.0	33.0
18:24	29.0	25.0	23.0	24.0	33.0
18:25	25.0	41.0	29.0	28.0	34.0
18:26	29.0	41.0	32.0	32.0	29.0
18:27	19.0	32.0	23.0	24.0	33.0
18:28	29.0	29.0	26.0	25.0	24.0
18:29	35.0	30.0	23.0	22.0	35.0
18:30	30.0	32.0	25.0	26.0	25.0
18:31	25.0	30.0	35.0	35.0	21.0
18:32	26.0	29.0	27.0	30.0	18.0
18:33	47.0	31.0	34.0	32.0	30.0
18:34	27.0	18.0	30.0	29.0	36.0
18:35	20.0	34.0	28.0	28.0	26.0
18:36	22.0	24.0	32.0	32.0	35.0
18:37	19.0	25.0	32.0	30.0	27.0
18:38	39.0	28.0	12.0	13.0	24.0
18:39	25.0	16.0	19.0	19.0	27.0
18:40	27.0	21.0	16.0	16.0	32.0
18:41	20.0	29.0	21.0	22.0	23.0
18:42	23.0	15.0	29.0	29.0	27.0
18:43	28.0	29.0	35.0	34.0	38.0
18:44	22.0	37.0	22.0	23.0	30.0
18:45	30.0	27.0	32.0	31.0	20.0
18:46	25.0	26.0	26.0	27.0	29.0
18:47	14.0	27.0	40.0	40.0	18.0
18:48	23.0	21.0	27.0	26.0	25.0
18:49	16.0	31.0	31.0	32.0	25.0
18:50	15.0	30.0	23.0	23.0	18.0
18:51	16.0	25.0	26.0	26.0	15.0
18:52	26.0	20.0	18.0	18.0	22.0
18:53	17.0	20.0	18.0	18.0	20.0
18:54	20.0	39.0	29.0	28.0	23.0
18:55	18.0	17.0	25.0	26.0	35.0
18:56	12.0	18.0	24.0	24.0	21.0
18:57	21.0	21.0	9.0	9.0	20.0
18:58	20.0	19.0	9.0	9.0	12.0
18:59	29.0	16.0	7.0	7.0	8.0
19:00	28.0	22.0	16.0	16.0	20.0
19:01	29.0	25.0	16.0	16.0	25.0
19:02	31.0	20.0	28.0	28.0	28.0
19:03	20.0	17.0	35.0	35.0	18.0
19:04	19.0	25.0	28.0	28.0	29.0
19:05	19.0	30.0	23.0	22.0	36.0
19:06	25.0	32.0	19.0	19.0	20.0
19:07	17.0	19.0	29.0	30.0	18.0
19:08	24.0	15.0	27.0	27.0	23.0
19:09	21.0	20.0	31.0	30.0	23.0
19:10	15.0	19.0	16.0	16.0	19.0
19:11	21.0	22.0	18.0	18.0	11.0
19:12	17.0	22.0	29.0	29.0	23.0
19:13	17.0	21.0	15.0	15.0	19.0
19:14	19.0	18.0	24.0	24.0	18.0
19:15	24.0	24.0	16.0	16.0	28.0
19:16	26.0	23.0	21.0	21.0	15.0
19:17	13.0	29.0	26.0	26.0	26.0
19:18	23.0	16.0	30.0	30.0	25.0
19:19	20.0	22.0	15.0	15.0	25.0
19:20	21.0	25.0	15.0	15.0	25.0
19:21	16.0	15.0	21.0	22.0	15.0
19:22	21.0	16.0	18.0	17.0	29.0
19:23	11.0	14.0	14.0	14.0	15.0
19:24	17.0	18.0	16.0	16.0	16.0
19:25	18.0	22.0	27.0	27.0	11.0
19:26	22.0	22.0	18.0	18.0	16.0
19:27	23.0	11.0	14.0	14.0	17.0
19:28	18.0	16.0	14.0	14.0	18.0
19:29	31.0	21.0	15.0	15.0	19.0
19:30	28.0	22.0	27.0	27.0	26.0
19:31	21.0	18.0	20.0	20.0	26.0
19:32	20.0	16.0	26.0	25.0	29.0
19:33	18.0	29.0	28.0	29.0	36.0
19:34	15.0	28.0	26.0	26.0	13.0
19:35	15.0	27.0	19.0	19.0	13.0
19:36	15.0	17.0	18.0	18.0	19.0
19:37	20.0	17.0	15.0	15.0	16.0
19:38	15.0	18.0	17.0	17.0	14.0
19:39	12.0	22.0	21.0	21.0	19.0
19:40	21.0	15.0	12.0	12.0	18.0
19:41	22.0	13.0	15.0	15.0	9.0
19:42	18.0	10.0	14.0	14.0	23.0
19:43	16.0	19.0	15.0	15.0	19.0
19:44	14.0	27.0	18.0	18.0	12.0
19:45	20.0	15.0	20.0	20.0	17.0
19:46	14.0	8.0	14.0	14.0	16.0
19:47	22.0	13.0	20.0	20.0	16.0
19:48	21.0	19.0	18.0	18.0	17.0
19:49	11.0	31.0	20.0	19.0	17.0
19:50	13.0	21.0	21.0	21.0	18.0
19:51	11.0	14.0	15.0	15.0	14.0
19:52	24.0	15.0	15.0	15.0	13.0
19:53	16.0	18.0	14.0	14.0	16.0
19:54	17.0	15.0	16.0	17.0	15.0
19:55	22.0	22.0	28.0	27.0	25.0
19:56	13.0	26.0	18.0	18.0	14.0
19:57	20.0	15.0	14.0	14.0	13.0
19:58	18.0	12.0	20.0	20.0	24.0
19:59	8.0	11.0	19.0	20.0	13.0
20:00	20.0	16.0	23.0	23.0	20.0
20:01	16.0	20.0	8.0	7.0	20.0
20:02	17.0	16.0	18.0	19.0	21.0
20:03	17.0	15.0	12.0	11.0	16.0
20:04	19.0	15.0	13.0	13.0	19.0
20:05	11.0	15.0	13.0	14.0	15.0
20:06	16.0	16.0	21.0	21.0	17.0
20:07	16.0	19.0	13.0	13.0	19.0
20:08	20.0	13.0	19.0	18.0	16.0
20:09	24.0	13.0	16.0	17.0	17.0
20:10	17.0	22.0	15.0	15.0	10.0
20:11	24.0	8.0	14.0	15.0	14.0
20:12	15.0	16.0	17.0	16.0	13.0
20:13	20.0	24.0	17.0	18.0	25.0
20:14	10.0	19.0	21.0	20.0	27.0
20:15	6.0	23.0	14.0	14.0	21.0
20:16	29.0	21.0	16.0	16.0	12.0
20:17	14.0	16.0	15.0	16.0	12.0
20:18	16.0	14.0	23.0	22.0	14.0
20:19	18.0	13.0	9.0	9.0	19.0
20:20	13.0	18.0	23.0	23.0	13.0
20:21	18.0	20.0	22.0	22.0	22.0
20:22	17.0	13.0	17.0	17.0	16.0
20:23	16.0	24.0	16.0	16.0	25.0
20:24	21.0	13.0	20.0	20.0	13.0
20:25	11.0	14.0	8.0	8.0	13.0
20:26	24.0	21.0	25.0	25.0	13.0
20:27	13.0	21.0	22.0	22.0	21.0
20:28	20.0	17.0	15.0	15.0	19.0
20:29	23.0	20.0	17.0	17.0	11.0
20:30	16.0	13.0	19.0	19.0	25.0
20:31	14.0	21.0	18.0	18.0	14.0
20:32	20.0	19.0	23.0	23.0	19.0
20:33	18.0	8.0	14.0	14.0	16.0
20:34	21.0	14.0	15.0	15.0	17.0
20:35	20.0	24.0	18.0	18.0	12.0
20:36	13.0	16.0	18.0	18.0	16.0
20:37	18.0	19.0	22.0	22.0	26.0
20:38	21.0	19.0	24.0	24.0	23.0
20:39	11.0	18.0	16.0	16.0	27.0
20:40	12.0	16.0	17.0	17.0	21.0
20:41	15.0	24.0	14.0	14.0	6.0
20:42	16.0	14.0	8.0	8.0	14.0
20:43	19.0	13.0	9.0	9.0	9.0
20:44	20.0	14.0	23.0	23.0	11.0
20:45	19.0	24.0	20.0	20.0	15.0
20:46	19.0	22.0	25.0	25.0	29.0
20:47	14.0	16.0	23.0	24.0	31.0
20:48	14.0	15.0	11.0	10.0	12.0
20:49	13.0	15.0	13.0	13.0	10.0
20:50	19.0	9.0	8.0	8.0	10.0
20:51	16.0	18.0	17.0	17.0	18.0
20:52	9.0	14.0	15.0	15.0	14.0
20:53	12.0	9.0	5.0	5.0	4.0
20:54	15.0	13.0	12.0	12.0	13.0
20:55	9.0	14.0	17.0	17.0	15.0
20:56	12.0	13.0	15.0	15.0	18.0
20:57	13.0	10.0	12.0	12.0	9.0
20:58	9.0	14.0	12.0	12.0	11.0
20:59	10.0	9.0	7.0	7.0	9.0
21:00	13.0	13.0	10.0	10.0	12.0
21:01	19.0	8.0	9.0	9.0	10.0
21:02	4.0	7.0	8.0	8.0	5.0
21:03	14.0	13.0	15.0	15.0	15.0
21:04	17.0	18.0	12.0	12.0	13.0
21:05	4.0	8.0	9.0	9.0	9.0
21:06	10.0	10.0	14.0	14.0	14.0
21:07	10.0	13.0	14.0	14.0	11.0
21:08	14.0	6.0	9.0	9.0	7.0
21:09	8.0	10.0	5.0	5.0	9.0
21:10	6.0	7.0	10.0	10.0	8.0
21:11	9.0	5.0	8.0	8.0	8.0
21:12	12.0	17.0	10.0	9.0	8.0
21:13	11.0	8.0	14.0	14.0	12.0
21:14	13.0	15.0	12.0	12.0	14.0
21:15	12.0	12.0	8.0	8.0	10.0
21:16	9.0	8.0	13.0	13.0	10.0
21:17	9.0	8.0	9.0	9.0	11.0
21:18	8.0	12.0	10.0	10.0	10.0
21:19	14.0	7.0	7.0	7.0	7.0
21:20	9.0	9.0	11.0	11.0	9.0
21:21	6.0	8.0	5.0	5.0	9.0
21:22	9.0	12.0	7.0	7.0	11.0
21:23	10.0	8.0	10.0	10.0	7.0
21:24	8.0	2.0	12.0	12.0	7.0
21:25	15.0	11.0	11.0	11.0	16.0
21:26	8.0	18.0	16.0	16.0	9.0
21:27	11.0	9.0	8.0	8.0	8.0
21:28	7.0	9.0	7.0	7.0	11.0
21:29	13.0	12.0	13.0	13.0	11.0
21:30	12.0	10.0	8.0	8.0	9.0
21:31	12.0	13.0	16.0	16.0	16.0
21:32	14.0	16.0	10.0	10.0	16.0
21:33	16.0	11.0	12.0	12.0	12.0
21:34	7.0	16.0	18.0	18.0	13.0
21:35	13.0	6.0	7.0	7.0	10.0
21:36	11.0	15.0	13.0	13.0	11.0
21:37	11.0	9.0	15.0	15.0	11.0
21:38	9.0	11.0	9.0	9.0	8.0
21:39	10.0	14.0	13.0	13.0	16.0
21:40	11.0	9.0	9.0	9.0	5.0
21:41	9.0	11.0	8.0	8.0	14.0
21:42	9.0	8.0	8.0	8.0	10.0
21:43	17.0	10.0	13.0	13.0	8.0
21:44	7.0	9.0	7.0	7.0	8.0
21:45	4.0	6.0	6.0	6.0	7.0
21:46	6.0	6.0	6.0	6.0	5.0
21:47	10.0	4.0	5.0	5.0	9.0
21:48	6.0	11.0	9.0	8.0	7.0
21:49	9.0	4.0	6.0	6.0	3.0
21:50	3.0	5.0	2.0	2.0	4.0
21:51	9.0	8.0	13.0	13.0	12.0
21:52	7.0	12.0	5.0	5.0	5.0
21:53	13.0	8.0	13.0	13.0	13.0
21:54	5.0	8.0	5.0	5.0	7.0
21:55	5.0	5.0	7.0	7.0	6.0
21:56	7.0	6.0	8.0	8.0	7.0
21:57	12.0	9.0	8.0	8.0	9.0
21:58	7.0	9.0	9.0	9.0	7.0
21:59	7.0	4.0	4.0	4.0	4.0
22:00	5.0	5.0	7.0	7.0	7.0
22:01	5.0	8.0	6.0	6.0	5.0
22:02	7.0	8.0	4.0	4.0	9.0
22:03	7.0	7.0	11.0	11.0	5.0
22:04	10.0	4.0	8.0	8.0	6.0
22:05	8.0	15.0	8.0	8.0	10.0
22:06	11.0	6.0	9.0	9.0	10.0
22:07	2.0	2.0	2.0	2.0	2.0
22:08	5.0	6.0	5.0	5.0	8.0
22:09	5.0	9.0	8.0	8.0	9.0
22:10	10.0	12.0	16.0	16.0	7.0
22:11	7.0	3.0	1.0	1.0	6.0
22:12	8.0	5.0	5.0	5.0	5.0
22:13	5.0	9.0	5.0	5.0	7.0
22:14	9.0	8.0	11.0	11.0	8.0
22:15	7.0	5.0	6.0	6.0	7.0
22:16	7.0	7.0	7.0	7.0	6.0
22:17	4.0	6.0	6.0	6.0	6.0
22:18	11.0	6.0	4.0	4.0	6.0
22:19	2.0	5.0	7.0	7.0	6.0
22:20	4.0	6.0	6.0	6.0	6.0
22:21	7.0	1.0	0.0	0.0	1.0
22:22	2.0	4.0	5.0	5.0	4.0
22:23	4.0	6.0	6.0	6.0	6.0
22:24	6.0	5.0	6.0	6.0	6.0
22:25	4.0	5.0	5.0	5.0	4.0
22:26	5.0	5.0	3.0	3.0	4.0
22:27	5.0	6.0	8.0	8.0	7.0
22:28	4.0	6.0	1.0	1.0	4.0
22:29	9.0	7.0	11.0	11.0	7.0
22:30	10.0	7.0	9.0	9.0	10.0
22:31	5.0	7.0	6.0	6.0	5.0
22:32	5.0	7.0	9.0	9.0	5.0
22:33	10.0	10.0	9.0	9.0	11.0
22:34	9.0	6.0	4.0	4.0	7.0
22:35	4.0	6.0	5.0	5.0	6.0
22:36	5.0	8.0	6.0	6.0	5.0
22:37	4.0	4.0	5.0	5.0	5.0
22:38	5.0	2.0	5.0	5.0	4.0
22:39	2.0	5.0	4.0	4.0	5.0
22:40	7.0	5.0	5.0	5.0	6.0
22:41	7.0	8.0	5.0	5.0	5.0
22:42	5.0	4.0	8.0	8.0	6.0
22:43	4.0	4.0	2.0	2.0	4.0
22:44	4.0	5.0	5.0	5.0	5.0
22:45	5.0	10.0	9.0	9.0	10.0
22:46	6.0	2.0	4.0	4.0	2.0
22:47	6.0	3.0	2.0	2.0	2.0
22:48	2.0	1.0	2.0	2.0	2.0
22:49	2.0	5.0	5.0	5.0	4.0
22:50	4.0	5.0	6.0	6.0	5.0
22:51	9.0	8.0	7.0	7.0	9.0
22:52	3.0	9.0	8.0	8.0	5.0
22:53	10.0	3.0	6.0	6.0	9.0
22:54	8.0	7.0	5.0	5.0	5.0
22:55	3.0	3.0	3.0	3.0	3.0
22:56	2.0	4.0	4.0	4.0	4.0
22:57	2.0	7.0	4.0	4.0	5.0
22:58	9.0	4.0	7.0	6.0	6.0
22:59	2.0	3.0	4.0	5.0	3.0
23:00	5.0	5.0	4.0	4.0	5.0
23:01	5.0	5.0	4.0	4.0	4.0
23:02	4.0	4.0	6.0	6.0	5.0
23:03	6.0	5.0	3.0	3.0	4.0
23:04	3.0	3.0	4.0	4.0	4.0
23:05	3.0	5.0	5.0	5.0	5.0
23:06	5.0	4.0	4.0	4.0	4.0
23:07	4.0	2.0	2.0	2.0	2.0
23:08	3.0	7.0	7.0	7.0	7.0
23:09	6.0	6.0	8.0	8.0	3.0
23:10	6.0	6.0	6.0	6.0	11.0
23:11	5.0	5.0	3.0	3.0	3.0
23:12	5.0	5.0	5.0	5.0	5.0
23:13	5.0	3.0	3.0	3.0	3.0
23:14	4.0	3.0	3.0	3.0	3.0
23:15	3.0	5.0	5.0	5.0	5.0
23:16	4.0	4.0	5.0	5.0	4.0
23:17	6.0	6.0	6.0	6.0	6.0
23:18	2.0	1.0	0.0	0.0	1.0
23:19	3.0	4.0	3.0	3.0	4.0
23:20	2.0	4.0	4.0	4.0	3.0
23:21	4.0	4.0	4.0	4.0	4.0
23:22	5.0	2.0	4.0	4.0	4.0
23:23	6.0	8.0	4.0	5.0	7.0
23:24	4.0	3.0	5.0	4.0	2.0
23:25	3.0	1.0	2.0	2.0	2.0
23:26	2.0	5.0	5.0	5.0	5.0
23:27	5.0	3.0	3.0	3.0	3.0
23:28	4.0	3.0	3.0	3.0	3.0
23:29	2.0	6.0	7.0	7.0	7.0
23:30	3.0	4.0	5.0	5.0	3.0
23:31	6.0	9.0	5.0	5.0	8.0
23:32	4.0	2.0	3.0	3.0	1.0
23:33	7.0	4.0	5.0	5.0	6.0
23:34	2.0	3.0	4.0	4.0	3.0
23:35	7.0	6.0	8.0	8.0	7.0
23:36	5.0	10.0	5.0	5.0	8.0
23:37	8.0	5.0	6.0	6.0	5.0
23:38	6.0	6.0	7.0	7.0	7.0
23:39	3.0	2.0	3.0	3.0	3.0
23:40	3.0	4.0	3.0	3.0	3.0
23:41	3.0	2.0	2.0	2.0	2.0
23:42	3.0	4.0	4.0	4.0	4.0
23:43	3.0	2.0	2.0	2.0	3.0
23:44	3.0	6.0	6.0	6.0	6.0
23:45	6.0	4.0	4.0	4.0	3.0
23:46	4.0	2.0	2.0	2.0	2.0
23:47	2.0	1.0	1.0	1.0	1.0
23:48	0.0	1.0	1.0	1.0	1.0
23:49	3.0	1.0	1.0	1.0	1.0
23:50	0.0	4.0	4.0	4.0	4.0
23:51	3.0	6.0	6.0	6.0	6.0
23:52	2.0	1.0	0.0	0.0	1.0
23:53	4.0	1.0	2.0	2.0	1.0
23:54	0.0	1.0	1.0	1.0	1.0
23:55	1.0	6.0	5.0	5.0	5.0
23:56	5.0	5.0	6.0	6.0	6.0
23:57	4.0	2.0	1.0	1.0	2.0
23:58	2.0	4.0	4.0	4.0	3.0
23:59	2.0	3.0	4.0	4.0	4.0
					
					
					
					
