Èas	Gipps	Krauss	KraussOrig	Idm
0:00	-7	-7	-7	-7
0:01	0	-1	-1	-1
0:02	0	1	1	1
0:03	-4	-5	-5	-5
0:04	0	1	1	1
0:05	-2	-1	-1	-2
0:06	0	-1	-1	0
0:07	2	3	3	3
0:08	1	-1	-1	-1
0:09	0	1	1	1
0:10	-1	-1	-1	-1
0:11	-3	-3	-3	-3
0:12	-2	-2	-2	-2
0:13	1	1	1	1
0:14	-2	-1	-1	-2
0:15	4	3	3	4
0:16	-2	-2	-2	-2
0:17	-2	-3	-3	-3
0:18	2	3	3	3
0:19	-3	-3	-3	-3
0:20	2	2	2	3
0:21	2	2	2	1
0:22	-3	-3	-3	-3
0:23	3	3	3	3
0:24	-1	-1	-1	-1
0:25	-3	-3	-3	-3
0:26	2	2	2	2
0:27	-1	0	0	0
0:28	0	-1	-1	-1
0:29	-3	-3	-3	-3
0:30	6	6	6	6
0:31	1	1	1	1
0:32	-2	-2	-2	-2
0:33	-1	-1	-1	-1
0:34	0	-1	-1	0
0:35	-1	0	0	-1
0:36	2	2	2	2
0:37	-3	-3	-3	-3
0:38	0	0	0	0
0:39	3	3	3	3
0:40	-1	-1	-1	-1
0:41	-1	-1	-1	-1
0:42	3	3	3	3
0:43	-2	-3	-3	-2
0:44	-1	0	0	-2
0:45	-1	-1	-1	-1
0:46	4	4	4	4
0:47	-2	-2	-2	-1
0:48	0	1	1	0
0:49	-1	-2	-2	0
0:50	-1	0	0	-1
0:51	0	-1	-1	-1
0:52	2	2	2	2
0:53	-2	-2	-2	-2
0:54	3	3	3	3
0:55	-1	-1	-1	-1
0:56	0	0	0	0
0:57	0	0	0	0
0:58	-2	-2	-2	-2
0:59	0	0	0	1
1:00	2	1	1	0
1:01	0	2	2	1
1:02	2	0	0	2
1:03	-4	-3	-3	-4
1:04	-1	-1	-1	-1
1:05	2	2	2	2
1:06	2	2	2	2
1:07	-3	-3	-3	-3
1:08	1	1	1	1
1:09	-1	-1	-1	-1
1:10	1	1	1	1
1:11	1	1	1	1
1:12	0	1	1	0
1:13	2	0	0	1
1:14	-1	-1	-1	0
1:15	-1	0	0	-1
1:16	-3	-3	-3	-3
1:17	3	2	2	1
1:18	0	1	1	2
1:19	-3	-3	-3	-3
1:20	4	4	4	4
1:21	0	1	1	0
1:22	-1	-3	-3	-2
1:23	-1	-1	-1	-1
1:24	-1	0	0	0
1:25	-1	-2	-2	-2
1:26	0	1	1	1
1:27	0	0	0	0
1:28	1	1	1	0
1:29	1	1	1	2
1:30	-1	-1	-1	-1
1:31	3	2	2	2
1:32	0	1	1	1
1:33	-2	-2	-2	-2
1:34	-2	-2	-2	-2
1:35	0	-1	-1	-1
1:36	-1	0	0	0
1:37	2	2	2	2
1:38	-1	-1	-1	-2
1:39	-2	-2	-2	-1
1:40	1	1	1	1
1:41	1	1	1	1
1:42	0	0	0	0
1:43	-3	-3	-3	-3
1:44	1	1	1	1
1:45	3	3	3	3
1:46	-1	-1	-1	-1
1:47	-3	-3	-3	-3
1:48	1	1	1	1
1:49	-1	0	0	-1
1:50	1	0	0	1
1:51	0	0	0	0
1:52	-1	-1	-1	0
1:53	0	0	0	-1
1:54	0	0	0	0
1:55	0	0	0	0
1:56	1	1	1	1
1:57	0	1	1	0
1:58	-1	-3	-3	-2
1:59	-2	-1	-1	-1
2:00	0	0	0	0
2:01	1	0	0	0
2:02	-1	0	0	0
2:03	2	2	2	2
2:04	-3	-3	-3	-3
2:05	2	2	2	2
2:06	0	0	0	0
2:07	-1	-2	-2	-2
2:08	2	2	2	2
2:09	1	2	2	2
2:10	-4	-4	-4	-3
2:11	3	3	3	2
2:12	1	1	1	0
2:13	-2	-2	-2	-1
2:14	-1	-1	-1	-1
2:15	0	0	0	0
2:16	2	3	3	3
2:17	0	-1	-1	-1
2:18	1	1	1	1
2:19	1	1	1	1
2:20	0	0	0	1
2:21	1	0	0	-1
2:22	1	2	2	2
2:23	1	1	1	1
2:24	-3	-3	-3	-3
2:25	-1	-1	-1	-1
2:26	2	2	2	2
2:27	1	0	0	0
2:28	0	1	1	1
2:29	1	2	2	2
2:30	-3	-4	-4	-4
2:31	-1	-1	-1	-1
2:32	2	2	2	2
2:33	-2	-2	-2	-2
2:34	-1	0	0	-1
2:35	0	-1	-1	1
2:36	0	0	0	-1
2:37	1	0	0	0
2:38	2	3	3	3
2:39	3	2	2	3
2:40	-6	-5	-5	-6
2:41	1	1	1	1
2:42	0	0	0	0
2:43	0	-1	-1	-1
2:44	-1	0	0	0
2:45	0	0	0	0
2:46	1	1	1	2
2:47	1	0	0	1
2:48	0	1	1	-1
2:49	0	-1	-1	-1
2:50	-2	-1	-1	-1
2:51	1	1	1	1
2:52	-1	-1	-1	-1
2:53	0	0	0	0
2:54	1	1	1	1
2:55	1	2	2	1
2:56	0	-1	-1	0
2:57	-4	-4	-4	-4
2:58	0	0	0	0
2:59	0	0	0	0
3:00	-2	-2	-2	-2
3:01	1	1	1	1
3:02	0	0	0	0
3:03	0	0	0	0
3:04	1	1	1	1
3:05	0	0	0	0
3:06	2	2	2	2
3:07	0	0	0	0
3:08	-2	-2	-2	-2
3:09	0	0	0	0
3:10	0	0	0	0
3:11	-1	-1	-1	-1
3:12	0	0	0	0
3:13	2	2	2	2
3:14	1	1	1	1
3:15	-1	-2	-2	-2
3:16	1	2	2	2
3:17	-1	-1	-1	-1
3:18	2	2	2	2
3:19	-1	-1	-1	-1
3:20	-1	-1	-1	-1
3:21	0	-1	-1	-1
3:22	0	1	1	1
3:23	-1	-1	-1	-1
3:24	1	1	1	1
3:25	2	1	1	1
3:26	0	1	1	1
3:27	-2	-2	-2	-2
3:28	-1	-1	-1	-1
3:29	0	0	0	0
3:30	0	0	0	0
3:31	0	0	0	0
3:32	0	0	0	0
3:33	1	1	1	1
3:34	0	0	0	0
3:35	1	0	0	0
3:36	0	1	1	1
3:37	-1	0	0	-1
3:38	2	1	1	2
3:39	-2	-2	-2	-2
3:40	-1	-1	-1	-1
3:41	-1	-1	-1	-1
3:42	2	2	2	2
3:43	-1	-1	-1	-1
3:44	-2	-2	-2	-2
3:45	0	0	0	0
3:46	0	0	0	0
3:47	1	1	1	1
3:48	1	1	1	1
3:49	-2	-2	-2	-2
3:50	-1	-1	-1	-1
3:51	-1	-1	-1	-1
3:52	2	2	2	2
3:53	0	-1	-1	-1
3:54	0	1	1	1
3:55	1	0	0	0
3:56	-2	-1	-1	-1
3:57	3	3	3	3
3:58	1	1	1	1
3:59	0	0	0	0
4:00	-2	-2	-2	-1
4:01	0	0	0	-1
4:02	0	0	0	0
4:03	0	0	0	0
4:04	-2	-2	-2	-2
4:05	0	0	0	0
4:06	0	0	0	0
4:07	0	0	0	0
4:08	0	0	0	0
4:09	0	0	0	0
4:10	0	0	0	0
4:11	0	0	0	0
4:12	0	0	0	0
4:13	0	0	0	0
4:14	2	2	2	2
4:15	-1	-1	-1	-1
4:16	0	0	0	0
4:17	2	2	2	2
4:18	-1	-1	-1	-1
4:19	-2	-2	-2	-2
4:20	1	1	1	1
4:21	-1	-1	-1	-1
4:22	0	0	0	0
4:23	1	1	1	1
4:24	-1	-1	-1	-1
4:25	-3	-3	-3	-3
4:26	-1	-1	-1	-1
4:27	-1	-1	-1	-1
4:28	2	2	2	2
4:29	0	0	0	0
4:30	-1	-1	-1	-1
4:31	3	3	3	3
4:32	-1	-1	-1	-1
4:33	-2	-2	-2	-2
4:34	0	0	0	0
4:35	0	0	0	0
4:36	0	0	0	1
4:37	1	1	1	0
4:38	0	0	0	0
4:39	0	0	0	0
4:40	1	1	1	1
4:41	0	1	1	1
4:42	-1	-2	-2	-2
4:43	0	0	0	0
4:44	1	1	1	1
4:45	-1	-1	-1	-1
4:46	-1	-1	-1	-1
4:47	1	1	1	1
4:48	0	0	0	0
4:49	-1	-1	-1	-1
4:50	1	1	1	1
4:51	0	0	0	0
4:52	0	0	1	0
4:53	2	2	1	2
4:54	2	2	2	2
4:55	1	1	1	1
4:56	-5	-5	-5	-5
4:57	0	0	0	0
4:58	-1	-1	-1	-1
4:59	2	1	1	1
5:00	1	2	2	2
5:01	-1	-1	-1	-1
5:02	2	2	2	2
5:03	-2	-2	-2	-2
5:04	2	2	2	2
5:05	2	2	2	2
5:06	-1	-1	-1	-1
5:07	1	1	1	1
5:08	-2	-2	-2	-2
5:09	1	1	1	1
5:10	-2	-2	-2	-1
5:11	1	0	0	-1
5:12	0	1	1	1
5:13	2	2	2	2
5:14	2	0	0	0
5:15	-2	0	0	0
5:16	0	0	0	-1
5:17	1	1	1	2
5:18	-2	-2	-2	-1
5:19	2	2	2	1
5:20	0	0	0	0
5:21	-3	-3	-3	-3
5:22	-1	-1	-1	-1
5:23	0	0	0	0
5:24	5	3	3	4
5:25	-3	-1	-1	-2
5:26	0	1	1	0
5:27	0	-1	-1	1
5:28	0	-1	-1	-2
5:29	-2	-1	-1	-1
5:30	2	2	2	2
5:31	1	1	1	2
5:32	0	0	0	-1
5:33	1	1	1	1
5:34	-2	-2	-2	-2
5:35	0	1	1	1
5:36	1	0	0	0
5:37	0	0	0	0
5:38	2	3	3	2
5:39	2	1	1	1
5:40	-6	-6	-6	-6
5:41	-1	-1	-1	-1
5:42	1	1	1	1
5:43	1	1	1	1
5:44	2	2	2	3
5:45	-1	-1	-1	-2
5:46	-1	-2	-2	-2
5:47	-1	0	0	0
5:48	-1	-1	-1	-1
5:49	5	0	0	5
5:50	-1	4	4	-1
5:51	-4	-4	-4	-4
5:52	-1	-1	-1	-1
5:53	3	3	3	3
5:54	0	0	0	0
5:55	-1	-1	-1	-1
5:56	0	0	0	0
5:57	-1	-1	-1	-1
5:58	-1	-1	-1	-1
5:59	1	1	1	0
6:00	-3	-3	-3	-2
6:01	2	2	2	4
6:02	2	2	2	0
6:03	-4	-4	-4	-4
6:04	3	3	3	3
6:05	-1	-1	-1	-1
6:06	1	1	1	1
6:07	0	0	0	0
6:08	-2	-2	-2	-2
6:09	0	0	0	0
6:10	-1	-1	-1	-1
6:11	1	1	1	1
6:12	0	1	1	0
6:13	0	-1	-1	0
6:14	3	3	3	3
6:15	-5	-5	-5	-5
6:16	1	1	1	1
6:17	3	0	0	2
6:18	-1	2	2	0
6:19	1	1	1	1
6:20	-3	-3	-3	-3
6:21	-1	-1	-1	-1
6:22	3	2	2	2
6:23	-2	-2	-2	-1
6:24	0	1	1	0
6:25	1	2	2	2
6:26	-1	-3	-3	-3
6:27	0	1	1	1
6:28	-3	-3	-3	-3
6:29	5	4	4	5
6:30	-1	0	0	-1
6:31	-1	-1	-1	-1
6:32	3	3	3	4
6:33	-3	-3	-3	-4
6:34	3	3	3	3
6:35	-2	-2	-2	-2
6:36	-1	-1	-1	-1
6:37	1	0	0	0
6:38	0	1	1	1
6:39	-3	-3	-3	-3
6:40	1	0	0	0
6:41	-2	-2	-2	0
6:42	1	1	1	0
6:43	2	2	2	1
6:44	-3	-2	-2	-2
6:45	6	4	4	4
6:46	-3	0	0	-2
6:47	0	-1	-1	0
6:48	-1	-3	-3	-2
6:49	2	4	5	4
6:50	-3	-4	-4	-4
6:51	1	1	1	1
6:52	-2	-2	-2	-2
6:53	1	1	1	1
6:54	4	4	4	4
6:55	-4	-5	-5	-4
6:56	-2	-1	-1	-2
6:57	0	0	0	0
6:58	2	2	2	2
6:59	-2	-2	-2	-2
7:00	-3	-2	-2	-3
7:01	3	2	2	3
7:02	2	2	2	2
7:03	-1	-1	-1	-1
7:04	2	2	2	2
7:05	-1	-1	-1	-1
7:06	2	2	2	2
7:07	-4	-4	-4	-4
7:08	1	1	1	1
7:09	-1	0	0	0
7:10	2	3	3	0
7:11	1	-1	-1	2
7:12	2	6	6	3
7:13	-2	-4	-4	-1
7:14	0	-2	-2	-2
7:15	-3	-3	-3	-3
7:16	0	0	0	0
7:17	-1	-1	-1	-1
7:18	4	3	3	2
7:19	-5	-4	-4	-3
7:20	1	1	1	1
7:21	-3	-3	-3	-3
7:22	4	2	2	-1
7:23	-3	-1	-1	3
7:24	-2	-1	-1	-2
7:25	2	1	1	1
7:26	-1	-2	-2	-2
7:27	3	4	4	4
7:28	-1	-1	-1	0
7:29	0	2	2	4
7:30	0	-1	-1	-3
7:31	-4	-5	-5	-6
7:32	3	4	4	4
7:33	-1	-2	-2	-2
7:34	3	3	3	5
7:35	1	1	1	-1
7:36	1	2	2	-1
7:37	-3	-3	-3	0
7:38	-1	-2	-2	-3
7:39	1	0	0	1
7:40	3	3	3	2
7:41	2	0	0	3
7:42	-9	-5	-5	-7
7:43	2	1	1	0
7:44	2	1	1	1
7:45	-2	1	1	0
7:46	2	0	0	-3
7:47	-1	-3	-3	1
7:48	0	2	2	1
7:49	-2	-1	-1	-4
7:50	-2	-3	-3	-1
7:51	0	0	0	1
7:52	2	4	4	2
7:53	1	-1	-1	0
7:54	0	2	2	2
7:55	0	-3	-3	-3
7:56	-2	-3	-3	-2
7:57	2	2	2	2
7:58	1	2	2	-3
7:59	1	-1	-1	6
8:00	0	1	1	1
8:01	2	4	4	1
8:02	-2	-1	-1	-2
8:03	1	1	1	0
8:04	-2	-2	-2	0
8:05	-1	-2	-2	-2
8:06	-4	-4	-4	-4
8:07	6	1	1	3
8:08	-4	0	0	-3
8:09	3	0	0	3
8:10	-4	-4	-4	-4
8:11	-2	-2	-2	-3
8:12	5	6	6	3
8:13	-6	-3	-3	-1
8:14	-1	-1	-1	-1
8:15	6	2	2	4
8:16	-3	5	5	3
8:17	2	-2	-2	-2
8:18	0	-2	-2	-3
8:19	-1	-2	-2	0
8:20	0	1	1	-2
8:21	-2	0	0	1
8:22	-2	-6	-6	2
8:23	7	10	10	4
8:24	1	-2	-2	1
8:25	-5	-1	-1	-5
8:26	-2	-1	-1	-1
8:27	1	0	0	1
8:28	-6	-6	-6	-7
8:29	-2	5	5	4
8:30	-1	-2	-2	-5
8:31	10	4	4	5
8:32	-8	-8	-8	-6
8:33	4	5	5	4
8:34	-1	-3	-3	-1
8:35	3	3	3	2
8:36	0	0	0	-5
8:37	-3	-2	-2	1
8:38	2	1	2	0
8:39	-2	-6	-6	0
8:40	-8	-2	-2	-6
8:41	5	4	5	0
8:42	-4	-6	-7	-6
8:43	-2	-7	-7	-3
8:44	-7	-8	-8	-7
8:45	2	9	9	10
8:46	-1	2	2	-5
8:47	-2	-4	-4	1
8:48	-3	-1	-1	-5
8:49	2	0	0	2
8:50	-5	-1	-1	-5
8:51	0	-4	-4	0
8:52	3	1	1	1
8:53	-4	-6	-5	-4
8:54	0	2	1	4
8:55	-1	-1	-1	-5
8:56	-3	-8	-8	-4
8:57	-4	2	2	0
8:58	9	13	13	8
8:59	-6	-7	-7	-15
9:00	-3	-4	-4	-3
9:01	0	2	2	8
9:02	0	-4	-4	-9
9:03	1	-1	-1	-7
9:04	0	0	0	7
9:05	2	4	4	9
9:06	0	0	0	3
9:07	5	10	10	9
9:08	-3	-11	-11	-11
9:09	-1	-3	-3	-3
9:10	-1	8	8	2
9:11	-2	-5	-5	-1
9:12	-5	-8	-8	-4
9:13	-1	7	7	-1
9:14	1	-4	-4	1
9:15	0	-5	-5	-8
9:16	0	8	8	5
9:17	6	3	4	8
9:18	0	4	3	2
9:19	0	-5	-5	-4
9:20	4	2	2	1
9:21	-5	-3	-3	-6
9:22	-8	-8	-8	-9
9:23	-3	-1	-1	5
9:24	5	1	2	5
9:25	-6	-1	-1	-2
9:26	-6	-3	-3	-8
9:27	6	1	1	1
9:28	1	2	2	-4
9:29	-9	-7	-7	-5
9:30	6	4	4	3
9:31	-14	-14	-14	-10
9:32	12	8	8	8
9:33	-3	-3	-4	5
9:34	2	7	7	1
9:35	10	6	7	16
9:36	-19	-18	-18	-26
9:37	-8	1	1	-7
9:38	3	2	2	4
9:39	-6	-3	-3	-4
9:40	4	-2	-2	1
9:41	3	4	5	9
9:42	3	-2	-3	2
9:43	-2	4	4	-9
9:44	1	-2	-2	-9
9:45	2	4	4	11
9:46	-5	0	0	7
9:47	1	-5	-5	-6
9:48	-2	-11	-11	-8
9:49	-8	0	0	1
9:50	5	1	2	-2
9:51	-3	2	1	1
9:52	-14	-6	-6	-13
9:53	-3	-2	-2	-4
9:54	4	-8	-8	0
9:55	-4	-2	-2	0
9:56	2	-2	-2	-2
9:57	1	8	8	3
9:58	-13	-15	-15	-13
9:59	-3	3	4	4
10:00	5	11	11	8
10:01	17	7	5	7
10:02	-2	-3	-1	0
10:03	-2	4	5	-4
10:04	2	0	-1	0
10:05	3	-7	-7	2
10:06	-3	0	0	-1
10:07	-5	-7	-6	-4
10:08	-2	-9	-9	-7
10:09	-7	0	0	-5
10:10	-9	-11	-11	0
10:11	-7	0	0	-6
10:12	8	-3	-3	3
10:13	-1	1	2	0
10:14	-2	-1	-1	-6
10:15	-2	-2	-2	1
10:16	13	11	11	10
10:17	-5	3	3	-11
10:18	6	4	4	5
10:19	-3	-10	-10	-5
10:20	1	10	10	10
10:21	-20	-19	-19	-15
10:22	-5	-4	-4	-5
10:23	2	-2	-2	-13
10:24	10	6	6	4
10:25	-12	-12	-12	-11
10:26	9	12	11	7
10:27	-3	-2	-1	-2
10:28	-5	-6	-6	-1
10:29	-6	-6	-7	2
10:30	-6	-3	-2	-4
10:31	1	1	1	4
10:32	2	-7	-7	-6
10:33	-9	-8	-8	-7
10:34	13	2	2	2
10:35	-3	5	5	6
10:36	-8	-8	-8	-9
10:37	-12	-12	-12	-12
10:38	2	3	2	-3
10:39	-8	-15	-13	-9
10:40	4	0	-1	4
10:41	4	12	13	3
10:42	-1	1	0	10
10:43	-1	6	6	-5
10:44	4	7	7	9
10:45	1	-5	-4	-3
10:46	-4	-7	-7	-10
10:47	0	1	1	6
10:48	5	1	1	1
10:49	-3	-6	-6	3
10:50	1	-2	-2	-5
10:51	-13	-14	-13	-14
10:52	4	11	10	12
10:53	-4	5	5	-4
10:54	-9	-13	-13	-13
10:55	4	1	2	4
10:56	-5	8	7	-2
10:57	1	-4	-3	12
10:58	-14	-7	-7	-11
10:59	-4	9	8	2
11:00	11	0	0	-4
11:01	5	-3	-2	1
11:02	2	11	11	13
11:03	-1	-8	-7	-1
11:04	2	-2	-3	-5
11:05	-1	-3	-3	-1
11:06	3	5	4	2
11:07	-7	-13	-12	-10
11:08	3	4	4	0
11:09	3	4	4	0
11:10	8	3	4	-4
11:11	8	14	13	9
11:12	1	-4	-4	8
11:13	3	5	5	8
11:14	-7	-10	-10	-8
11:15	-7	1	1	-1
11:16	0	7	8	-2
11:17	-2	-11	-12	-5
11:18	-20	-25	-25	-21
11:19	3	2	1	-2
11:20	-5	-6	-4	-7
11:21	-2	6	6	7
11:22	1	-9	-9	-5
11:23	5	3	3	2
11:24	-4	-1	-1	2
11:25	2	6	6	8
11:26	-8	-1	-2	4
11:27	4	8	9	-6
11:28	2	8	8	1
11:29	1	-3	-3	1
11:30	7	-5	-6	-2
11:31	1	12	13	8
11:32	2	9	9	2
11:33	-4	-7	-7	-1
11:34	2	-8	-8	-6
11:35	1	1	1	2
11:36	-10	-14	-14	-11
11:37	3	-11	-13	-7
11:38	-2	0	2	-2
11:39	5	11	11	10
11:40	-6	3	3	4
11:41	7	2	2	3
11:42	2	10	10	0
11:43	5	-3	-3	-9
11:44	-3	1	1	-2
11:45	-5	-2	-2	-9
11:46	4	-1	-1	5
11:47	-12	-15	-14	-8
11:48	-13	-12	-12	-3
11:49	-8	-6	-6	-15
11:50	1	2	2	7
11:51	10	5	5	6
11:52	5	8	8	-4
11:53	10	1	1	-4
11:54	6	14	14	10
11:55	-3	4	4	4
11:56	-1	0	0	14
11:57	-3	-8	-8	2
11:58	-3	-1	-1	-4
11:59	-3	-3	-4	0
12:00	-5	-6	-5	-9
12:01	-1	-3	-3	-4
12:02	-4	-2	-2	1
12:03	-9	-16	-16	-2
12:04	5	4	4	8
12:05	2	1	1	2
12:06	-18	-9	-8	-21
12:07	16	15	14	10
12:08	4	0	0	0
12:09	-6	-4	-4	-6
12:10	-1	-10	-10	-13
12:11	-19	-11	-11	-14
12:12	-4	2	2	-8
12:13	18	7	8	13
12:14	-15	-3	-4	-16
12:15	10	9	9	4
12:16	3	9	8	11
12:17	-1	-10	-9	6
12:18	2	-6	-6	0
12:19	7	4	4	12
12:20	-2	-4	-4	-6
12:21	11	12	12	1
12:22	2	12	12	8
12:23	-10	-5	-5	-11
12:24	-2	2	2	-5
12:25	-7	-12	-12	-4
12:26	-7	-11	-11	-12
12:27	-19	-6	-6	-19
12:28	4	2	2	7
12:29	-2	2	2	-8
12:30	6	1	1	0
12:31	15	3	3	14
12:32	-4	-4	-4	3
12:33	9	7	9	15
12:34	6	0	-1	1
12:35	-8	-7	-7	-5
12:36	-14	-12	-12	-2
12:37	-13	-4	-4	-4
12:38	-22	-13	-13	-26
12:39	-12	-11	-11	-8
12:40	-9	-7	-7	-11
12:41	5	5	5	5
12:42	10	4	4	4
12:43	2	11	11	8
12:44	6	-9	-9	-3
12:45	0	4	4	-4
12:46	-12	-12	-12	-12
12:47	-20	-20	-20	-12
12:48	-1	-3	-3	3
12:49	-3	11	13	5
12:50	9	21	19	1
12:51	14	7	7	15
12:52	-7	-16	-16	-10
12:53	10	1	1	8
12:54	6	4	4	0
12:55	2	-2	-2	-3
12:56	-11	-2	-2	1
12:57	-12	-4	-4	-5
12:58	-8	-13	-13	-15
12:59	7	7	7	5
13:00	5	1	1	0
13:01	-2	1	4	-2
13:02	4	3	1	-2
13:03	6	-2	-2	1
13:04	-7	-4	-4	0
13:05	4	-2	-2	7
13:06	12	3	3	-2
13:07	1	-2	-1	1
13:08	-8	3	2	-1
13:09	-7	-3	-2	-2
13:10	9	6	6	6
13:11	10	6	7	2
13:12	2	-4	-5	3
13:13	4	-6	-6	7
13:14	-6	-1	-1	-5
13:15	-8	-5	-5	2
13:16	-10	-4	-5	-9
13:17	-5	-8	-7	-7
13:18	0	-3	-3	-13
13:19	2	-14	-14	-2
13:20	2	11	12	-4
13:21	-13	-9	-10	-4
13:22	-2	11	12	0
13:23	-5	-5	-6	4
13:24	-4	-18	-18	-6
13:25	-2	6	6	-4
13:26	-2	-6	-6	-11
13:27	-14	-13	-13	-12
13:28	-16	-16	-17	-7
13:29	-13	-1	0	2
13:30	-7	-13	-12	-9
13:31	-11	9	8	-7
13:32	2	4	5	2
13:33	0	8	7	2
13:34	17	10	10	3
13:35	2	6	7	-1
13:36	8	1	0	9
13:37	-3	-4	-4	-4
13:38	-7	-9	-10	-9
13:39	-11	-3	-2	-6
13:40	14	4	3	6
13:41	-23	-22	-22	-17
13:42	-15	-11	-11	-13
13:43	-5	-8	-8	-11
13:44	-9	-1	-1	-3
13:45	-19	-9	-10	-7
13:46	4	3	4	-3
13:47	6	-2	-3	-18
13:48	4	-1	0	1
13:49	11	5	5	13
13:50	4	5	5	7
13:51	13	10	10	8
13:52	2	12	11	14
13:53	-6	-10	-9	2
13:54	20	4	4	19
13:55	1	-4	-4	-3
13:56	3	8	7	2
13:57	6	20	21	8
13:58	-1	-1	-1	5
13:59	14	2	2	9
14:00	-2	-14	-14	-16
14:01	-3	4	4	-8
14:02	5	-8	-8	-3
14:03	-19	-12	-12	-5
14:04	-7	4	4	-4
14:05	-1	13	13	15
14:06	-3	1	1	6
14:07	-20	-11	-11	-5
14:08	-1	5	4	-6
14:09	2	-9	-7	-13
14:10	-13	-21	-21	-15
14:11	-4	-11	-9	-4
14:12	0	2	1	-13
14:13	9	8	8	3
14:14	11	11	11	15
14:15	14	0	1	9
14:16	6	4	4	-1
14:17	-9	2	2	-1
14:18	4	8	8	-1
14:19	-6	-2	-3	-6
14:20	0	-12	-12	4
14:21	-9	-6	-4	-8
14:22	-9	6	4	-1
14:23	1	-15	-14	-2
14:24	-18	-7	-7	-4
14:25	-16	-21	-21	-15
14:26	-3	-7	-7	-4
14:27	4	-7	-6	-1
14:28	7	9	6	4
14:29	1	-3	-1	-7
14:30	10	10	9	-3
14:31	-17	-23	-23	-15
14:32	5	5	5	2
14:33	-1	4	4	4
14:34	-13	-23	-23	-2
14:35	15	27	26	15
14:36	1	-9	-9	-16
14:37	0	14	16	7
14:38	17	14	12	14
14:39	15	8	9	16
14:40	4	9	9	7
14:41	-6	-2	-3	-11
14:42	12	0	2	-1
14:43	4	5	4	5
14:44	-24	-16	-15	-18
14:45	-9	-13	-13	5
14:46	-9	-7	-8	-12
14:47	-10	-13	-13	-4
14:48	-21	-2	-2	-15
14:49	-17	-24	-24	-19
14:50	0	7	6	0
14:51	-8	-8	-6	-5
14:52	-6	-8	-9	-1
14:53	-13	-2	-2	-4
14:54	0	4	4	-10
14:55	-22	-15	-16	-12
14:56	5	12	13	4
14:57	22	6	6	13
14:58	-3	8	6	5
14:59	-3	-2	-1	-6
15:00	12	4	5	11
15:01	3	11	10	7
15:02	2	-1	-1	-2
15:03	6	-1	-1	-1
15:04	-1	-1	-1	-2
15:05	13	9	8	12
15:06	0	-19	-17	-2
15:07	-18	-3	-3	-14
15:08	-1	0	-1	-14
15:09	-8	-14	-14	-22
15:10	-4	-9	-9	-8
15:11	9	-10	-10	-5
15:12	-12	-8	-8	-17
15:13	3	0	1	6
15:14	-8	-2	-3	-5
15:15	-3	-9	-9	11
15:16	-5	-19	-19	-2
15:17	-2	15	15	8
15:18	-8	7	8	5
15:19	-10	-8	-9	-7
15:20	17	14	14	12
15:21	-1	5	5	10
15:22	7	18	12	12
15:23	14	16	23	3
15:24	11	20	17	14
15:25	18	15	16	15
15:26	18	4	5	9
15:27	-8	-7	-7	-6
15:28	-16	-27	-25	-14
15:29	9	9	6	3
15:30	13	-7	-7	0
15:31	8	-6	-6	1
15:32	-25	-9	-9	-16
15:33	-16	-14	-14	-9
15:34	-19	-11	-11	-6
15:35	-13	-5	-5	-18
15:36	-17	-12	-12	-23
15:37	-12	-4	-5	-13
15:38	-9	-12	-12	-23
15:39	-11	1	1	-9
15:40	-5	-5	-5	-10
15:41	1	-3	-2	-3
15:42	16	9	8	15
15:43	6	-12	-12	-3
15:44	17	30	27	15
15:45	-13	-9	-7	0
15:46	6	-4	-4	6
15:47	2	10	9	4
15:48	6	0	1	6
15:49	1	10	12	11
15:50	1	-7	-9	4
15:51	8	-3	-3	7
15:52	-1	-4	-5	-1
15:53	4	5	6	11
15:54	18	6	6	7
15:55	-23	-11	-11	-18
15:56	-4	0	0	-1
15:57	4	0	0	2
15:58	-17	-15	-15	-10
15:59	15	10	12	11
16:00	-12	-10	-11	-9
16:01	-20	-14	-15	-21
16:02	-7	-8	-8	-5
16:03	0	5	4	-4
16:04	2	-16	-15	-7
16:05	-6	-8	-6	-1
16:06	17	12	12	17
16:07	-14	-10	-11	-9
16:08	1	11	12	7
16:09	9	2	2	12
16:10	5	20	19	7
16:11	3	0	-1	15
16:12	2	9	9	-1
16:13	1	-2	0	-16
16:14	20	21	20	16
16:15	-10	-8	-1	2
16:16	14	21	13	20
16:17	11	6	7	15
16:18	14	3	3	3
16:19	1	2	2	3
16:20	-8	-17	-16	-9
16:21	-7	-4	-6	-13
16:22	5	10	11	8
16:23	-17	-26	-26	-20
16:24	-16	-5	-5	-3
16:25	-12	-13	-13	-2
16:26	-16	-25	-25	-21
16:27	-3	3	0	-10
16:28	-9	3	6	-3
16:29	-12	-7	-7	-4
16:30	-5	-14	-14	-14
16:31	5	2	0	2
16:32	9	14	14	-2
16:33	10	-1	-1	-1
16:34	5	1	2	4
16:35	-4	-5	-5	-1
16:36	1	3	3	10
16:37	10	-2	4	3
16:38	11	28	23	16
16:39	1	-3	-5	2
16:40	16	7	9	11
16:41	-14	-5	-7	-16
16:42	7	7	7	11
16:43	9	25	29	23
16:44	7	4	2	-12
16:45	-4	0	-2	-6
16:46	-15	-17	-16	-9
16:47	-4	-1	-1	-12
16:48	0	-5	-5	7
16:49	-10	-5	-7	-8
16:50	-1	-1	1	1
16:51	0	4	4	3
16:52	-4	-8	-8	-3
16:53	-20	-12	-12	-15
16:54	-12	-12	-12	-6
16:55	1	-7	-5	-8
16:56	5	9	8	1
16:57	-20	-11	-12	-15
16:58	-10	-2	-2	-4
16:59	-11	-9	-9	2
17:00	3	-3	-3	2
17:01	1	-12	-20	-8
17:02	-14	5	13	-8
17:03	13	1	2	8
17:04	4	2	4	-8
17:05	12	16	14	4
17:06	11	-1	-1	-4
17:07	6	7	6	-4
17:08	13	6	9	3
17:09	-3	-1	-5	-2
17:10	5	-7	-5	6
17:11	7	9	7	12
17:12	-1	14	16	1
17:13	8	4	4	12
17:14	11	5	6	0
17:15	4	9	7	20
17:16	-6	5	5	-10
17:17	-1	0	3	1
17:18	-3	-10	-12	-11
17:19	-7	-2	-2	-1
17:20	-2	9	10	9
17:21	-1	8	7	1
17:22	19	16	16	12
17:23	9	-1	0	7
17:24	-6	-3	-4	-2
17:25	-3	-2	-1	1
17:26	-1	-1	-1	-4
17:27	-11	-7	-7	6
17:28	-14	-10	-11	-1
17:29	5	-2	-1	5
17:30	15	12	12	12
17:31	-7	-20	-20	-15
17:32	-7	-5	-4	-13
17:33	-14	-12	-14	-17
17:34	11	-5	-4	-4
17:35	0	4	5	-5
17:36	-3	-2	-3	-1
17:37	-6	2	2	11
17:38	13	7	7	14
17:39	6	24	23	14
17:40	3	3	4	3
17:41	11	8	7	11
17:42	15	-12	-12	4
17:43	6	-11	-10	-4
17:44	0	5	7	14
17:45	1	12	12	7
17:46	-10	-1	-4	-12
17:47	7	18	19	7
17:48	-11	-10	-10	4
17:49	14	13	13	17
17:50	2	-2	-1	-7
17:51	12	6	5	2
17:52	1	12	12	-14
17:53	0	1	1	2
17:54	-10	0	0	5
17:55	21	7	7	12
17:56	-4	-21	-21	-5
17:57	-2	-2	-1	7
17:58	3	-14	-15	11
17:59	12	15	16	15
18:00	12	17	16	11
18:01	17	8	12	19
18:02	-15	3	-1	-17
18:03	-8	-9	-9	-15
18:04	-25	-19	-19	-28
18:05	-1	2	2	-3
18:06	-8	-2	-2	-3
18:07	7	20	20	6
18:08	13	25	28	9
18:09	14	24	21	16
18:10	-7	-4	-4	-1
18:11	15	-1	-1	17
18:12	-5	-5	-5	2
18:13	5	6	6	16
18:14	0	-10	-10	-16
18:15	-8	-11	-11	2
18:16	-1	-9	-9	-13
18:17	-2	0	0	-5
18:18	5	-4	-4	-8
18:19	6	4	2	3
18:20	-7	5	8	-3
18:21	-13	0	0	7
18:22	-5	8	7	16
18:23	8	14	15	2
18:24	-4	-6	-5	4
18:25	16	4	3	9
18:26	12	3	3	0
18:27	13	4	5	14
18:28	0	-3	-4	-5
18:29	-5	-12	-13	0
18:30	2	-5	-4	-5
18:31	5	10	10	-4
18:32	3	1	4	-8
18:33	-16	-13	-15	-17
18:34	-9	3	2	9
18:35	14	8	8	6
18:36	2	10	10	13
18:37	6	13	11	8
18:38	-11	-27	-26	-15
18:39	-9	-6	-6	2
18:40	-6	-11	-11	5
18:41	9	1	2	3
18:42	-8	6	6	4
18:43	1	7	6	10
18:44	15	0	1	8
18:45	-3	2	1	-10
18:46	1	1	2	4
18:47	13	26	26	4
18:48	-2	4	3	2
18:49	15	15	16	9
18:50	15	8	8	3
18:51	9	10	10	-1
18:52	-6	-8	-8	-4
18:53	3	1	1	3
18:54	19	9	8	3
18:55	-1	7	8	17
18:56	6	12	12	9
18:57	0	-12	-12	-1
18:58	-1	-11	-11	-8
18:59	-13	-22	-22	-21
19:00	-6	-12	-12	-8
19:01	-4	-13	-13	-4
19:02	-11	-3	-3	-3
19:03	-3	15	15	-2
19:04	6	9	9	10
19:05	11	4	3	17
19:06	7	-6	-6	-5
19:07	2	12	13	1
19:08	-9	3	3	-1
19:09	-1	10	9	2
19:10	4	1	1	4
19:11	1	-3	-3	-10
19:12	5	12	12	6
19:13	4	-2	-2	2
19:14	-1	5	5	-1
19:15	0	-8	-8	4
19:16	-3	-5	-5	-11
19:17	16	13	13	13
19:18	-7	7	7	2
19:19	2	-5	-5	5
19:20	4	-6	-6	4
19:21	-1	5	6	-1
19:22	-5	-3	-4	8
19:23	3	3	3	4
19:24	1	-1	-1	-1
19:25	4	9	9	-7
19:26	0	-4	-4	-6
19:27	-12	-9	-9	-6
19:28	-2	-4	-4	0
19:29	-10	-16	-16	-12
19:30	-6	-1	-1	-2
19:31	-3	-1	-1	5
19:32	-4	6	5	9
19:33	11	10	11	18
19:34	13	11	11	-2
19:35	12	4	4	-2
19:36	2	3	3	4
19:37	-3	-5	-5	-4
19:38	3	2	2	-1
19:39	10	9	9	7
19:40	-6	-9	-9	-3
19:41	-9	-7	-7	-13
19:42	-8	-4	-4	5
19:43	3	-1	-1	3
19:44	13	4	4	-2
19:45	-5	0	0	-3
19:46	-6	0	0	2
19:47	-9	-2	-2	-6
19:48	-2	-3	-3	-4
19:49	20	9	8	6
19:50	8	8	8	5
19:51	3	4	4	3
19:52	-9	-9	-9	-11
19:53	2	-2	-2	0
19:54	-2	-1	0	-2
19:55	0	6	5	3
19:56	13	5	5	1
19:57	-5	-6	-6	-7
19:58	-6	2	2	6
19:59	3	11	12	5
20:00	-4	3	3	0
20:01	4	-8	-9	4
20:02	-1	1	2	4
20:03	-2	-5	-6	-1
20:04	-4	-6	-6	0
20:05	4	2	3	4
20:06	0	5	5	1
20:07	3	-3	-3	3
20:08	-7	-1	-2	-4
20:09	-11	-8	-7	-7
20:10	5	-2	-2	-7
20:11	-16	-10	-9	-10
20:12	1	2	1	-2
20:13	4	-3	-2	5
20:14	9	11	10	17
20:15	17	8	8	15
20:16	-8	-13	-13	-17
20:17	2	1	2	-2
20:18	-2	7	6	-2
20:19	-5	-9	-9	1
20:20	5	10	10	0
20:21	2	4	4	4
20:22	-4	0	0	-1
20:23	8	0	0	9
20:24	-8	-1	-1	-8
20:25	3	-3	-3	2
20:26	-3	1	1	-11
20:27	8	9	9	8
20:28	-3	-5	-5	-1
20:29	-3	-6	-6	-12
20:30	-3	3	3	9
20:31	7	4	4	0
20:32	-1	3	3	-1
20:33	-10	-4	-4	-2
20:34	-7	-6	-6	-4
20:35	4	-2	-2	-8
20:36	3	5	5	3
20:37	1	4	4	8
20:38	-2	3	3	2
20:39	7	5	5	16
20:40	4	5	5	9
20:41	9	-1	-1	-9
20:42	-2	-8	-8	-2
20:43	-6	-10	-10	-10
20:44	-6	3	3	-9
20:45	5	1	1	-4
20:46	3	6	6	10
20:47	2	9	10	17
20:48	1	-3	-4	-2
20:49	2	0	0	-3
20:50	-10	-11	-11	-9
20:51	2	1	1	2
20:52	5	6	6	5
20:53	-3	-7	-7	-8
20:54	-2	-3	-3	-2
20:55	5	8	8	6
20:56	1	3	3	6
20:57	-3	-1	-1	-4
20:58	5	3	3	2
20:59	-1	-3	-3	-1
21:00	0	-3	-3	-1
21:01	-11	-10	-10	-9
21:02	3	4	4	1
21:03	-1	1	1	1
21:04	1	-5	-5	-4
21:05	4	5	5	5
21:06	0	4	4	4
21:07	3	4	4	1
21:08	-8	-5	-5	-7
21:09	2	-3	-3	1
21:10	1	4	4	2
21:11	-4	-1	-1	-1
21:12	5	-2	-3	-4
21:13	-3	3	3	1
21:14	2	-1	-1	1
21:15	0	-4	-4	-2
21:16	-1	4	4	1
21:17	-1	0	0	2
21:18	4	2	2	2
21:19	-7	-7	-7	-7
21:20	0	2	2	0
21:21	2	-1	-1	3
21:22	3	-2	-2	2
21:23	-2	0	0	-3
21:24	-6	4	4	-1
21:25	-4	-4	-4	1
21:26	10	8	8	1
21:27	-2	-3	-3	-3
21:28	2	0	0	4
21:29	-1	0	0	-2
21:30	-2	-4	-4	-3
21:31	1	4	4	4
21:32	2	-4	-4	2
21:33	-5	-4	-4	-4
21:34	9	11	11	6
21:35	-7	-6	-6	-3
21:36	4	2	2	0
21:37	-2	4	4	0
21:38	2	0	0	-1
21:39	4	3	3	6
21:40	-2	-2	-2	-6
21:41	2	-1	-1	5
21:42	-1	-1	-1	1
21:43	-7	-4	-4	-9
21:44	2	0	0	1
21:45	2	2	2	3
21:46	0	0	0	-1
21:47	-6	-5	-5	-1
21:48	5	3	2	1
21:49	-5	-3	-3	-6
21:50	2	-1	-1	1
21:51	-1	4	4	3
21:52	5	-2	-2	-2
21:53	-5	0	0	0
21:54	3	0	0	2
21:55	0	2	2	1
21:56	-1	1	1	0
21:57	-3	-4	-4	-3
21:58	2	2	2	0
21:59	-3	-3	-3	-3
22:00	0	2	2	2
22:01	3	1	1	0
22:02	1	-3	-3	2
22:03	0	4	4	-2
22:04	-6	-2	-2	-4
22:05	7	0	0	2
22:06	-5	-2	-2	-1
22:07	0	0	0	0
22:08	1	0	0	3
22:09	4	3	3	4
22:10	2	6	6	-3
22:11	-4	-6	-6	-1
22:12	-3	-3	-3	-3
22:13	4	0	0	2
22:14	-1	2	2	-1
22:15	-2	-1	-1	0
22:16	0	0	0	-1
22:17	2	2	2	2
22:18	-5	-7	-7	-5
22:19	3	5	5	4
22:20	2	2	2	2
22:21	-6	-7	-7	-6
22:22	2	3	3	2
22:23	2	2	2	2
22:24	-1	0	0	0
22:25	1	1	1	0
22:26	0	-2	-2	-1
22:27	1	3	3	2
22:28	2	-3	-3	0
22:29	-2	2	2	-2
22:30	-3	-1	-1	0
22:31	2	1	1	0
22:32	2	4	4	0
22:33	0	-1	-1	1
22:34	-3	-5	-5	-2
22:35	2	1	1	2
22:36	3	1	1	0
22:37	0	1	1	1
22:38	-3	0	0	-1
22:39	3	2	2	3
22:40	-2	-2	-2	-1
22:41	1	-2	-2	-2
22:42	-1	3	3	1
22:43	0	-2	-2	0
22:44	1	1	1	1
22:45	5	4	4	5
22:46	-4	-2	-2	-4
22:47	-3	-4	-4	-4
22:48	-1	0	0	0
22:49	3	3	3	2
22:50	1	2	2	1
22:51	-1	-2	-2	0
22:52	6	5	5	2
22:53	-7	-4	-4	-1
22:54	-1	-3	-3	-3
22:55	0	0	0	0
22:56	2	2	2	2
22:57	5	2	2	3
22:58	-5	-2	-3	-3
22:59	1	2	3	1
23:00	0	-1	-1	0
23:01	0	-1	-1	-1
23:02	0	2	2	1
23:03	-1	-3	-3	-2
23:04	0	1	1	1
23:05	2	2	2	2
23:06	-1	-1	-1	-1
23:07	-2	-2	-2	-2
23:08	4	4	4	4
23:09	0	2	2	-3
23:10	0	0	0	5
23:11	0	-2	-2	-2
23:12	0	0	0	0
23:13	-2	-2	-2	-2
23:14	-1	-1	-1	-1
23:15	2	2	2	2
23:16	0	1	1	0
23:17	0	0	0	0
23:18	-1	-2	-2	-1
23:19	1	0	0	1
23:20	2	2	2	1
23:21	0	0	0	0
23:22	-3	-1	-1	-1
23:23	2	-2	-1	1
23:24	-1	1	0	-2
23:25	-2	-1	-1	-1
23:26	3	3	3	3
23:27	-2	-2	-2	-2
23:28	-1	-1	-1	-1
23:29	4	5	5	5
23:30	1	2	2	0
23:31	3	-1	-1	2
23:32	-2	-1	-1	-3
23:33	-3	-2	-2	-1
23:34	1	2	2	1
23:35	-1	1	1	0
23:36	5	0	0	3
23:37	-3	-2	-2	-3
23:38	0	1	1	1
23:39	-1	0	0	0
23:40	1	0	0	0
23:41	-1	-1	-1	-1
23:42	1	1	1	1
23:43	-1	-1	-1	0
23:44	3	3	3	3
23:45	-2	-2	-2	-3
23:46	-2	-2	-2	-2
23:47	-1	-1	-1	-1
23:48	1	1	1	1
23:49	-2	-2	-2	-2
23:50	4	4	4	4
23:51	3	3	3	3
23:52	-1	-2	-2	-1
23:53	-3	-2	-2	-3
23:54	1	1	1	1
23:55	5	4	4	4
23:56	0	1	1	1
23:57	-2	-3	-3	-2
23:58	2	2	2	1
23:59	1	2	2	2
				
				
				
				
